0.00
Front
0.095768064 0.22984336 -0.019153614 -0.11492168 -0.4213795 -0.30645782 -0.05746084 0.15322891 0.15322891 0.1340753 -0.05746084 -0.47884035 -0.22984336 0.38307226 0.34476504 -0.34476504 -0.5746084 0.095768064 0.5363012 0.78529817 -0.34476504 0.1340753 0.49799395 0.4405331 0.6895301 0.63206923 0.40222588 0.59376204 0.22984336 1.4939818 1.8579005 1.8579005 3.3518825 4.213795 4.060566 3.2752678 1.9536686 0.095768064 -1.9536686 -3.5051112 -3.8498764 -5.3438582 -9.174581 -12.08593 -9.749189 3.2561142 17.085024 16.338032 17.717093 21.126436 4.3861775 6.3589997 1.3024458 1.3024458 4.807557 3.217807 5.497087 6.8761473 6.3781533 3.4093432 1.8962077 1.9728222 3.5625722 4.175488 3.0454245 1.3982137 0.32561144 0.6895301 0.45968673 -0.4405331 -0.34476504 -0.019153614 0.2681506 0.63206923 0.5746084 -0.15322891 -0.21068975 -0.1340753 -0.22984336 -0.6703765
3.5242648 3.4284968 3.466804 3.4476504 3.4093432 3.5817258 3.6391866 3.4859576 3.4476504 3.5817258 3.5051112 3.6966474 3.5242648 3.4093432 3.3518825 3.466804 3.5434184 3.6391866 3.6774938 3.715801 3.964798 3.9073372 4.1180267 4.3287168 4.2904096 4.0797195 4.3478703 4.3478703 4.999093 7.489063 7.144298 7.8912888 7.967903 7.8146744 6.6654577 5.592855 4.213795 3.0071173 1.5897499 -0.11492168 -7.0102224 -12.373235 -17.870321 -22.084116 -37.445316 -39.207447 -39.16914 -39.207447 -39.207447 -39.207447 -36.564247 -13.771448 -8.197746 -5.0374002 -1.9536686 0.5363012 1.1492168 1.283292 0.80445176 -1.7621324 -2.681506 -2.3750482 -1.7429788 -1.6089035 -2.1643584 -2.7964275 -3.217807 -3.0454245 -2.930503 -3.1603463 -3.217807 -2.9879637 -2.7389667 -2.6623523 -2.6048915 -2.777274 -2.6240451 -2.7006595 -2.528277 -2.2026656
9.270349 9.32781 8.90643 8.90643 8.2169 8.599973 9.32781 9.500193 9.059659 8.868123 8.734048 8.331821 9.672575 10.036493 9.80665 9.883265 9.595961 9.423578 9.615114 10.208876 11.281479 10.553641 9.653421 9.155427 12.890382 16.089035 19.077 20.187908 11.932701 9.442732 9.32781 9.174581 9.9790325 9.3661175 6.588843 3.964798 0.9768343 -1.6472107 -3.3518825 -4.6926355 -12.200851 -20.015526 -26.24045 -29.764715 -39.207447 -38.42215 -24.056938 14.077906 39.2266 39.2266 39.188293 39.2266 39.2266 31.335312 19.6133 12.545617 8.887277 6.703765 5.803545 4.1371803 4.213795 4.367024 4.5777135 5.4779334 6.6846113 8.485051 8.925584 9.481039 9.749189 10.208876 10.802638 11.87524 11.147403 10.70687 10.534488 10.860099 10.821792 10.5919485 10.802638 10.649409
0.00
Front
-0.4405331 -0.61291564 -0.49799395 -0.19153613 -0.51714754 -0.32561144 0.05746084 0.5554548 0.22984336 0.11492168 0.095768064 -0.11492168 -0.076614454 0.15322891 0.24899697 -0.05746084 -0.2681506 -0.21068975 0.05746084 -0.038307227 -0.15322891 -0.1340753 0.095768064 0.7086837 0.59376204 0.4213795 -0.076614454 0.93852705 1.8579005 0.5363012 1.685518 1.9536686 2.336741 2.6048915 2.3175871 1.1300632 0.6895301 0.7086837 0.095768064 -1.436521 -2.2984335 -3.083732 -3.9456444 -4.3861775 -3.8881836 -3.8307228 -3.9839516 -6.3589997 -8.331821 -7.5848308 0.9959879 20.36029 20.743364 13.350069 -2.815581 -6.6654577 -6.129156 -7.393295 -0.32561144 1.283292 2.6240451 4.903325 4.6160207 3.5051112 1.7046716 0.32561144 1.283292 2.0494366 2.2026656 2.2601264 0.9959879 0.51714754 0.24899697 -0.019153614 -0.47884035 -0.59376204 0.11492168 0.59376204 -0.095768064 -0.6895301
3.4859576 3.4476504 3.4859576 3.5434184 3.5817258 3.620033 3.8881836 3.9839516 3.9073372 3.9264908 3.9073372 3.6391866 3.6583402 3.7541082 3.7541082 3.8115692 3.9456444 3.9264908 3.9073372 4.098873 4.1371803 4.2904096 4.367024 4.596867 4.9416323 5.363012 5.631162 6.0142345 6.3206925 6.5505357 6.7229185 6.339846 5.707777 5.497087 4.7884035 4.003105 3.4284968 3.2561142 3.1794999 3.083732 3.2752678 2.528277 1.9153614 0.45968673 -1.091756 -3.466804 -7.201759 -16.950949 -25.76161 -37.330395 -39.207447 -39.207447 -39.207447 -39.207447 -39.207447 -35.93218 -25.838224 -17.774553 -6.435614 -2.96881 -0.15322891 0.91937345 -0.1340753 -0.9576807 -1.8962077 -2.9496565 -2.8921957 -3.2752678 -3.3518825 -3.8498764 -4.9416323 -4.9416323 -4.7309427 -4.6160207 -4.55856 -4.0414124 -3.6774938 -3.2944214 -3.064578 -3.083732
8.868123 9.040505 9.251195 9.251195 9.155427 9.040505 8.925584 8.887277 9.040505 9.193734 9.193734 9.423578 9.3661175 9.481039 9.80665 10.113108 10.036493 10.0748005 9.653421 8.90643 9.595961 10.247183 10.457873 10.515334 11.645397 12.5264635 12.392388 15.284584 16.376339 14.020445 15.016433 13.254301 11.951855 10.6877165 8.561666 3.7349546 1.9919758 0.038307227 -2.432509 -4.6351743 -5.094861 -5.094861 -5.93762 -9.289502 -11.109096 -12.909535 -15.227123 -26.221296 -36.276943 -39.207447 -37.483624 -8.925584 10.113108 38.402996 39.130833 39.2266 39.035065 38.939297 24.765623 17.180792 12.717999 8.772355 5.1523223 4.4436383 5.363012 6.033388 6.0716953 6.493075 7.6614456 8.485051 10.093954 10.228029 10.381259 10.304645 9.902418 9.9790325 9.557653 9.442732 9.768343 10.266336
0.00
Front1
-0.4213795 -0.7661445 -0.90021986 -0.91937345 -0.7278373 -0.095768064 -0.19153613 -0.7086837 -0.8619126 -0.4213795 -0.38307226 -0.45968673 -0.38307226 -0.59376204 -0.7086837 -0.40222588 -0.2681506 -0.7661445 -0.93852705 -0.90021986 -1.0534488 -1.0342951 -0.63206923 -0.2681506 -1.4173675 -1.9536686 -2.0111294 -1.8770541 -2.2984335 -2.96881 -3.5817258 -4.232949 -4.711789 -4.6351743 -4.501099 -4.098873 -2.815581 -1.7812861 -0.8619126 -0.1340753 1.2258313 3.064578 4.1180267 3.7732618 2.27928 1.7621324 2.7006595 -0.24899697 -1.9919758 -2.4899697 -1.5705963 -0.17238252 -0.51714754 -1.1492168 -0.9576807 0.1340753 1.283292 2.9496565 3.3135753 2.2601264 0.7278373 -0.82360536 -0.80445176 -0.51714754 -0.30645782 -0.2681506 -0.019153614 0.2681506 0.34476504 0.5746084 0.34476504 0.32561144 0.11492168 -0.2681506 -0.5363012 -0.7661445 -0.47884035 -0.4405331 -0.59376204 -0.4405331
3.5242648 3.9456444 4.1180267 4.1371803 4.213795 4.309563 4.003105 3.9456444 4.175488 4.5394063 4.6351743 4.903325 4.8841715 4.501099 4.5777135 4.673482 4.999093 5.45878 5.803545 5.9759274 5.7843914 6.3206925 6.895301 7.1251445 6.83784 6.493075 6.339846 6.0716953 5.535394 4.6351743 4.003105 3.5625722 2.432509 1.6089035 0.9959879 0.5554548 -0.6703765 -1.532289 -2.336741 -3.2752678 -5.1140146 -5.4779334 -4.903325 -4.7884035 -7.642292 -9.308656 -11.051635 -6.0525417 -6.435614 -9.097966 -10.113108 -11.856087 -11.951855 -9.289502 -9.32781 -10.01734 -10.151415 -9.921572 -9.155427 -9.002198 -9.251195 -9.5385 -9.461885 -9.691729 -9.749189 -8.944737 -8.7532015 -8.561666 -8.274361 -7.8529816 -7.7189064 -7.7572136 -7.6231384 -7.6614456 -7.833828 -7.7572136 -7.699753 -7.469909 -7.469909 -7.52737
10.208876 10.093954 10.247183 10.860099 11.147403 12.373235 12.852075 12.6222315 12.603078 11.33894 10.764331 11.166556 11.492168 11.549629 11.109096 10.0748005 9.059659 6.6654577 6.3206925 6.646304 6.2823853 4.1371803 4.3478703 4.807557 3.8307228 2.7964275 0.7469909 -0.7469909 -3.1411927 -4.501099 -6.493075 -8.37013 -9.691729 -9.940725 -10.228029 -10.630256 -9.749189 -9.232041 -8.178593 -7.1634517 -2.6048915 2.2409728 5.5737014 7.469909 11.224017 13.67568 17.48725 24.056938 19.28769 12.603078 10.304645 11.070788 13.924677 14.978126 12.852075 11.434708 11.109096 12.813767 13.254301 11.377247 10.247183 9.193734 8.178593 7.5082164 7.680599 7.5848308 7.2209125 6.7229185 6.2823853 5.650316 6.033388 6.397307 6.9527617 6.4547677 5.9567738 5.439626 5.4779334 6.895301 6.9527617 6.7229185
0.00
Front
-0.24899697 -0.32561144 -0.22984336 -0.1340753 -0.1340753 -0.019153614 -0.05746084 -0.1340753 -0.22984336 -0.30645782 -0.32561144 0.45968673 0.30645782 0.05746084 0.2873042 -0.019153614 0.2681506 0.40222588 0.7086837 2.5091233 3.7732618 3.2752678 1.8195933 2.2984335 2.3942018 1.283292 0.842759 1.8770541 1.091756 0.4405331 -0.2681506 -1.3215994 -1.6089035 -2.1260512 -2.930503 -4.999093 -5.803545 -6.0716953 -6.339846 -5.6120086 -4.9799395 -7.1059904 -11.33894 -6.6846113 13.158532 29.994558 24.49747 -6.9527617 -3.6008794 1.9536686 -0.095768064 -4.8458643 -0.30645782 0.51714754 1.0726024 3.4859576 4.309563 4.1180267 3.8498764 2.432509 1.4556746 0.9768343 1.6663644 2.585738 1.9153614 1.1492168 0.7278373 -0.2681506 -0.5363012 -0.7086837 -0.51714754 -0.21068975 0.17238252 0.17238252 -0.45968673 -0.076614454 0.11492168 0.19153613 -0.4405331 -0.61291564
4.1946416 4.0797195 3.964798 3.8881836 3.964798 4.003105 3.9073372 3.8307228 3.7541082 3.6583402 3.6583402 4.098873 3.9456444 3.9839516 3.8498764 4.501099 4.673482 4.9799395 5.6120086 6.703765 7.067683 7.029376 6.6271505 5.746084 5.267244 3.9264908 2.815581 1.4556746 1.1492168 0.4213795 -0.038307227 -0.30645782 -0.59376204 -0.7661445 -1.0534488 -2.183512 -2.4899697 -3.4284968 -5.45878 -11.683704 -16.452953 -24.267628 -34.49566 -39.207447 -39.207447 -39.207447 -39.207447 -39.207447 -39.207447 -39.207447 -35.03196 -21.89258 -15.1696615 -10.994174 -7.776367 -3.1603463 -1.685518 -1.0534488 -0.9959879 -2.0685902 -3.0262709 -3.6391866 -3.8498764 -4.501099 -5.305551 -5.554548 -5.746084 -6.2249246 -6.4739213 -6.3206925 -6.090849 -5.8801594 -5.650316 -5.0374002 -4.903325 -4.7884035 -4.7500963 -4.4244847 -4.3861775 -4.1946416
8.695741 9.040505 8.90643 8.848969 8.599973 8.580819 8.734048 8.925584 8.925584 8.810662 8.446744 8.542512 8.791509 8.887277 9.174581 10.208876 10.783484 11.798626 13.101071 16.74026 17.54471 17.104177 16.893488 16.587029 17.870321 18.119318 17.736246 12.717999 10.151415 7.9104424 5.5737014 0.8810662 -1.436521 -3.5625722 -5.3247046 -8.676587 -10.6877165 -12.603078 -14.882358 -16.280571 -19.574993 -25.455153 -34.591427 -37.67516 -27.178978 -9.825804 14.058752 39.2266 39.16914 39.2266 39.207447 35.759796 30.607475 22.831108 16.874334 10.400413 8.101978 6.435614 4.865018 3.1986535 3.6966474 4.4436383 6.0525417 7.872135 8.236053 8.695741 8.848969 9.844957 10.381259 10.170568 9.404425 9.11712 8.925584 8.676587 9.212888 8.868123 9.002198 8.983045 9.11712 9.404425
0.00
Front
-0.22984336 -0.2873042 -0.19153613 -0.19153613 -0.19153613 -0.19153613 0.32561144 0.59376204 0.45968673 0.2873042 0.15322891 0.4405331 0.63206923 0.90021986 1.2066777 0.93852705 0.7661445 0.49799395 0.49799395 -0.5363012 -0.7278373 0.59376204 0.9576807 0.5363012 0.36391866 1.1683705 1.340753 1.4939818 1.1300632 1.1109096 0.63206923 0.038307227 -0.6512229 -2.585738 -3.4476504 -3.7732618 -3.7924154 -4.2521024 -4.3861775 -4.5202527 -4.6926355 -5.861006 -7.240066 -8.504205 -3.1603463 23.48233 14.518439 0.22984336 -3.5242648 -9.481039 -10.208876 -7.776367 -3.1028855 0.49799395 0.78529817 2.3750482 4.0222588 4.7500963 4.213795 3.3901896 2.5474305 1.2641385 1.9536686 3.1794999 3.5625722 0.80445176 -0.05746084 -0.49799395 -0.61291564 -0.34476504 -0.49799395 -0.51714754 -0.2681506 0.32561144 0.34476504 -0.11492168 0.05746084 0.30645782 0.076614454 -0.61291564
3.7924154 3.8307228 3.7924154 3.7924154 3.8307228 3.6966474 4.6351743 4.3478703 4.3861775 4.999093 5.171476 5.267244 5.45878 5.8801594 6.2823853 6.244078 5.8801594 5.363012 5.267244 5.267244 5.3247046 5.4779334 5.765238 5.746084 5.5162406 5.9759274 6.435614 6.4547677 6.0716953 5.66947 4.9224787 4.462792 4.003105 2.585738 2.4899697 1.9153614 1.1492168 -1.3790601 -3.1603463 -5.995081 -9.634268 -19.172768 -28.117504 -38.498764 -39.207447 -39.207447 -39.207447 -39.207447 -39.207447 -39.07337 -30.243555 -23.654713 -18.272547 -8.887277 -6.14831 -3.5242648 -1.436521 -1.091756 -1.7812861 -2.183512 -2.834735 -3.9839516 -4.6160207 -4.999093 -5.3438582 -6.6846113 -7.374141 -7.6231384 -7.489063 -6.9719152 -6.742072 -6.339846 -6.2249246 -5.4779334 -5.3821654 -5.2289367 -4.654328 -4.405331 -4.309563 -4.1180267
8.37013 8.63828 9.232041 9.11712 9.078813 9.002198 9.308656 9.5385 9.730036 10.151415 10.955867 11.779472 12.239159 12.315774 13.67568 14.077906 13.273455 10.802638 10.132261 9.902418 9.844957 10.113108 10.6877165 10.189722 10.0748005 8.312668 5.803545 7.680599 7.9487495 5.3438582 3.964798 2.2601264 0.61291564 -3.4284968 -5.1906295 -6.933608 -8.293514 -12.143391 -14.211981 -15.227123 -16.184803 -22.7928 -30.16694 -37.138855 -34.61058 -10.151415 14.901511 39.16914 39.2266 39.2266 38.077385 27.408821 26.642677 22.467188 15.916653 11.87524 9.11712 5.9567738 5.3821654 4.8458643 4.003105 4.175488 4.3861775 5.554548 7.1634517 9.902418 10.381259 10.189722 9.825804 9.251195 9.155427 9.481039 9.634268 9.653421 9.423578 9.32781 8.523358 8.236053 8.178593 8.255207
0.00
Front
-0.6895301 -0.5554548 -0.2681506 0.05746084 0.15322891 0.21068975 -0.05746084 -0.38307226 -0.1340753 0.32561144 0.19153613 0.15322891 0.17238252 -0.095768064 0.095768064 -0.038307227 0.11492168 0.59376204 0.91937345 0.36391866 0.32561144 0.51714754 0.45968673 0.90021986 0.80445176 -0.15322891 -0.7278373 0.05746084 -0.5554548 -1.0534488 -0.7661445 -0.78529817 -1.1300632 -1.7238252 -3.2944214 -4.3287168 -5.1140146 -5.5162406 -5.4779334 -5.45878 -4.76925 -3.6966474 -7.9870567 -12.220005 -9.270349 5.6120086 32.65691 1.283292 -14.173674 -12.717999 8.772355 3.5625722 -4.501099 -0.4405331 1.9153614 3.0262709 4.5777135 5.0757074 3.9839516 2.7389667 1.8770541 1.0151415 0.9576807 0.7278373 1.1875241 1.7429788 1.1683705 0.34476504 -0.36391866 -0.80445176 -0.36391866 0.1340753 0.45968673 0.21068975 0.21068975 -0.17238252 -0.19153613 0.11492168 0.038307227 -0.38307226
2.0685902 2.1452048 2.2218192 3.3901896 3.1411927 3.0454245 3.083732 2.9496565 2.9879637 3.1986535 3.4476504 3.7541082 3.715801 3.620033 3.3901896 3.5242648 3.8115692 3.8307228 3.8307228 4.5202527 4.7884035 4.8267107 4.5777135 5.209783 4.8841715 5.0374002 5.305551 6.4547677 6.2249246 6.033388 5.6886234 5.305551 5.0182467 4.5777135 3.0262709 1.7621324 0.51714754 -0.7661445 -3.4859576 -5.66947 -9.059659 -13.733141 -29.305029 -39.207447 -39.207447 -39.188293 -39.207447 -39.207447 -39.207447 -39.207447 -30.799011 -23.00349 -21.337126 -16.682798 -9.902418 -7.8912888 -5.7269306 -4.367024 -3.9456444 -4.2904096 -4.9224787 -5.1140146 -5.1523223 -5.2480903 -5.2863975 -5.401319 -5.899313 -5.9567738 -6.1100025 -6.129156 -5.650316 -5.1523223 -4.654328 -4.76925 -4.213795 -4.1946416 -4.003105 -3.7732618 -3.620033 -3.4859576
9.653421 9.710882 10.170568 10.91756 10.745177 10.783484 11.051635 11.645397 12.124237 12.143391 12.334928 13.292608 13.445837 13.369223 12.832921 12.717999 12.29662 11.109096 10.036493 9.270349 9.040505 9.212888 9.021352 8.925584 7.967903 6.033388 3.5817258 3.0262709 3.5625722 3.6966474 1.7046716 0.21068975 -1.0534488 -2.2218192 -4.807557 -6.1866174 -7.374141 -8.7532015 -13.120225 -14.729129 -14.4609785 -14.15452 -23.578098 -31.16293 -32.71437 -30.454247 2.6048915 37.292088 39.2266 39.11168 32.71437 31.584309 29.822176 28.634653 17.946936 13.67568 10.70687 8.7532015 6.588843 5.765238 4.8267107 4.7500963 5.803545 6.9527617 6.8761473 7.1251445 9.097966 9.078813 9.136273 9.270349 8.504205 8.274361 7.9104424 8.255207 8.772355 8.561666 8.485051 8.101978 7.967903 8.542512
0.00
Front
-0.47884035 -0.51714754 -0.6895301 -0.7278373 -0.32561144 -0.22984336 -0.22984336 -0.61291564 0.4213795 1.0534488 1.7621324 1.7812861 0.61291564 0.4213795 0.7278373 0.7086837 0.11492168 0.47884035 0.7278373 0.17238252 -0.51714754 -0.51714754 -0.15322891 0.82360536 0.24899697 -0.51714754 -1.0151415 -1.1109096 -1.7812861 -1.8770541 -1.5897499 -1.4173675 -1.283292 -3.1411927 -2.183512 -1.091756 -1.4173675 -2.4899697 -3.7349546 -5.0374002 -5.746084 -8.580819 -14.250289 -16.759413 -5.2480903 15.533581 25.148695 -6.4164605 -14.824897 -9.423578 -10.113108 -7.680599 -5.401319 -3.5051112 -1.5705963 4.865018 5.6120086 5.3247046 4.6351743 1.934515 0.82360536 0.5363012 0.22984336 -0.38307226 0.4405331 1.3790601 1.6663644 -0.11492168 -0.36391866 -0.5363012 -0.82360536 -1.3599066 -1.0342951 -0.80445176 -0.49799395 -0.6703765 -0.8619126 -0.8619126 -0.90021986 -0.5746084
2.777274 2.7006595 2.6240451 2.681506 2.873042 3.083732 3.1986535 3.4093432 4.7500963 4.9799395 4.9799395 5.2289367 4.807557 4.5777135 4.5394063 4.3287168 4.0414124 4.1371803 4.0797195 4.0797195 5.0182467 4.7309427 4.5394063 5.0374002 4.7309427 4.4436383 4.76925 5.305551 4.9224787 4.9416323 4.711789 4.405331 4.7884035 4.654328 6.3589997 4.596867 3.5817258 1.8387469 -0.5363012 -6.6654577 -11.300632 -16.64449 -23.041798 -39.207447 -39.16914 -39.207447 -39.207447 -39.207447 -39.207447 -39.207447 -37.52193 -23.21418 -17.48725 -12.717999 -9.212888 -3.9456444 -2.7964275 -2.4133554 -2.2409728 -3.2944214 -4.213795 -4.4436383 -5.171476 -5.439626 -5.363012 -5.171476 -5.2480903 -5.171476 -5.707777 -5.9567738 -6.1100025 -5.650316 -5.056554 -4.596867 -4.0797195 -4.1180267 -3.6583402 -3.466804 -3.3327289 -3.0454245
9.232041 9.519346 9.634268 9.615114 9.32781 9.634268 10.132261 10.97502 12.200851 11.358093 10.821792 11.262324 12.583924 13.637373 14.020445 13.388376 14.920665 14.269443 12.277467 10.994174 10.936713 10.802638 10.0748005 7.967903 7.1634517 5.592855 4.1180267 3.1411927 2.5091233 2.183512 1.1300632 1.1300632 -0.019153614 -6.7229185 -7.297527 -4.213795 -5.1906295 -6.4739213 -6.4547677 -8.389283 -10.821792 -16.950949 -29.937098 -35.14688 -28.67296 -15.188815 3.2752678 39.2266 39.149986 39.2266 39.2266 25.378538 25.129541 24.095245 19.709068 13.311762 10.534488 7.73806 6.0142345 6.1100025 6.397307 4.960786 4.4819455 7.6231384 8.523358 8.676587 8.7532015 8.925584 9.289502 9.9790325 10.036493 9.653421 9.3661175 9.423578 9.710882 8.42759 8.1402855 8.389283 8.408437 8.848969
0.00
Front
-1.2449849 -1.1109096 -0.7469909 -0.91937345 -1.3215994 -1.2066777 -1.2066777 -1.3024458 0.17238252 0.5746084 0.24899697 -0.51714754 -0.90021986 -0.842759 -0.6512229 -0.32561144 -0.5554548 -0.30645782 -0.21068975 -0.5746084 -0.36391866 -0.38307226 -0.51714754 -0.4405331 0.05746084 -0.038307227 -0.22984336 -0.6895301 -1.3790601 -0.9959879 -0.5746084 -0.82360536 -0.5363012 -0.4213795 -0.30645782 -0.4405331 -1.532289 -2.2601264 -2.9496565 -3.5817258 -4.5394063 -4.711789 -4.3478703 -3.1794999 -0.30645782 2.030283 2.7964275 1.6472107 3.1411927 2.3942018 1.7238252 4.060566 4.213795 3.3901896 2.5091233 2.873042 5.3821654 6.7803793 5.631162 3.5051112 3.466804 2.777274 3.1986535 4.3478703 2.681506 1.340753 0.45968673 0.9959879 2.432509 3.3518825 3.2369606 2.030283 1.685518 1.4939818 1.3790601 1.7429788 1.8195933 1.7621324 1.7046716 2.0685902
2.7389667 2.719813 2.9879637 2.873042 3.122039 3.5625722 3.8498764 4.003105 4.2904096 4.6160207 4.7500963 4.673482 4.55856 4.6160207 4.9416323 5.0757074 5.305551 5.554548 5.7269306 5.6120086 5.631162 5.746084 5.93762 6.033388 6.3589997 6.1866174 5.995081 5.861006 5.66947 5.707777 6.2823853 6.167464 6.14831 6.2249246 6.14831 6.129156 4.960786 4.3861775 3.7732618 3.4859576 2.4133554 1.685518 0.842759 -0.19153613 -0.842759 -1.8195933 -2.9879637 -4.4819455 -9.308656 -11.377247 -12.717999 -9.998186 -6.8761473 -7.642292 -9.940725 -12.181698 -13.2351465 -10.860099 -10.093954 -10.496181 -10.879252 -11.415554 -11.856087 -9.749189 -9.595961 -9.481039 -9.232041 -8.829816 -8.293514 -7.6614456 -7.5082164 -7.4124484 -7.431602 -7.489063 -7.52737 -7.5848308 -7.489063 -7.4124484 -7.297527 -7.489063
9.193734 9.251195 9.481039 9.691729 9.346964 9.883265 10.266336 10.477027 11.089942 11.032481 11.358093 11.894394 11.779472 10.955867 10.649409 11.319786 10.860099 10.43872 10.189722 10.170568 9.212888 8.734048 8.465898 8.446744 7.680599 7.3166804 7.0485296 6.493075 2.4899697 2.6623523 3.1411927 2.1452048 0.4213795 -0.32561144 -0.7661445 -1.7238252 -3.9456444 -4.711789 -5.631162 -6.7612257 -8.255207 -8.542512 -7.795521 -6.7229185 -5.094861 -3.1794999 -0.51714754 0.6895301 4.501099 12.0093155 17.81286 21.62443 18.617311 11.587936 9.32781 10.247183 14.84405 18.08101 16.836027 12.947843 11.511322 10.821792 11.415554 14.805743 15.035586 14.250289 13.062764 10.70687 10.189722 9.423578 8.485051 6.9719152 6.588843 6.1100025 5.7843914 5.7269306 6.1866174 6.742072 7.297527 6.799533
0.00
Front
-0.5363012 -0.5363012 -0.5746084 -0.78529817 -0.47884035 -0.49799395 -0.34476504 0.019153614 0.21068975 0.22984336 0.05746084 0.05746084 -0.1340753 -0.4405331 -0.6703765 -0.5746084 -0.19153613 -0.51714754 -0.8619126 -0.8619126 -0.6512229 -0.45968673 -0.36391866 -0.34476504 0.038307227 0.11492168 -0.095768064 -0.6512229 -0.7086837 -0.93852705 -0.91937345 -1.0151415 -1.1109096 -1.5131354 -2.1643584 -2.719813 -3.371036 -3.5242648 -3.4859576 -2.9496565 -2.7006595 -2.9113493 -3.3327289 -2.873042 -1.9728222 -0.90021986 -0.076614454 1.3599066 1.8962077 0.9959879 0.11492168 0.45968673 0.22984336 0.842759 1.0342951 -1.2641385 -2.030283 -2.432509 -0.51714754 -0.6895301 -0.4213795 0.7661445 1.5897499 0.076614454 -1.2641385 -1.6089035 -0.45968673 3.2944214 2.432509 0.78529817 -0.30645782 0.076614454 0.7469909 0.7278373 1.0726024 0.61291564 0.5746084 0.5363012 0.21068975 -0.11492168
3.7349546 3.8307228 3.8881836 3.9839516 4.367024 4.4819455 4.55856 4.8267107 5.0757074 5.1906295 5.1523223 5.094861 5.1140146 5.0374002 4.960786 5.0757074 5.3438582 5.5162406 5.746084 5.9759274 6.3781533 6.7803793 6.933608 7.201759 7.1826053 7.201759 6.991069 7.2209125 7.144298 6.8569937 6.8186865 6.83784 6.7612257 6.397307 6.129156 5.746084 4.807557 4.1180267 3.3518825 3.1411927 2.8538885 2.2984335 1.6280571 0.17238252 0.2681506 -0.11492168 -0.5554548 -1.8962077 -2.719813 -3.217807 -3.4284968 -3.6391866 -3.5051112 -4.2904096 -5.2289367 -3.5625722 -3.9264908 -4.903325 -5.0374002 -4.3287168 -4.4436383 -4.156334 -3.8307228 -4.6926355 -5.267244 -5.707777 -6.339846 -6.6079965 -7.0102224 -7.8146744 -8.178593 -9.308656 -9.442732 -9.404425 -9.232041 -8.542512 -8.350976 -8.331821 -8.350976 -8.1402855
9.576807 9.864111 9.921572 9.787497 10.132261 10.534488 10.898406 11.415554 11.511322 11.932701 12.08593 11.664551 10.668563 10.381259 10.036493 9.672575 9.11712 8.523358 7.9870567 7.833828 7.4507556 7.489063 7.5082164 8.121132 7.699753 7.776367 6.8186865 3.6966474 3.7349546 2.834735 1.4173675 0.19153613 -1.8195933 -2.6431987 -3.3518825 -3.964798 -6.14831 -6.933608 -7.3549876 -8.408437 -9.136273 -9.040505 -7.967903 -5.133168 -3.8498764 -2.9113493 -2.1260512 -1.0342951 2.2984335 6.646304 10.419566 14.058752 14.480132 14.5567465 17.659632 18.751389 15.993267 15.093047 16.108189 13.484144 12.5264635 12.794614 13.024457 10.400413 9.002198 7.7189064 8.293514 11.702858 10.323798 9.078813 8.7532015 9.059659 9.346964 9.232041 9.136273 9.078813 8.868123 8.944737 8.178593 7.6231384
0.00
Right
0.22984336 0.21068975 0.90021986 1.532289 1.8387469 0.05746084 0.6512229 1.5131354 2.1260512 2.6623523 2.3750482 3.0454245 3.4093432 1.8579005 2.1260512 2.030283 2.2026656 2.4708161 2.528277 2.873042 5.554548 4.903325 5.209783 5.267244 6.435614 9.653421 10.6877165 10.6877165 10.611102 11.760319 12.909535 13.599066 13.637373 14.384364 15.26543 15.648502 16.338032 17.851168 17.180792 16.452953 15.610195 12.641385 9.80665 7.029376 5.1906295 8.236053 8.312668 6.7612257 3.9073372 0.5554548 0.5746084 0.842759 0.7661445 1.685518 1.8770541 3.4284968 4.4819455 2.719813 0.91937345 0.842759 2.7389667 3.4476504 4.501099 5.7843914 13.292608 17.06587 18.425776 16.376339 15.533581 21.796812 25.646688 23.099258 17.946936 16.146496 14.939818 15.974113 20.207062 18.215086 15.993267 14.097059
2.9113493 3.122039 3.1603463 3.3518825 3.1411927 2.7964275 3.2561142 3.3518825 3.2944214 2.96881 3.0071173 3.5434184 3.8881836 3.6583402 3.3327289 3.4093432 3.371036 3.064578 2.873042 2.4708161 2.336741 0.7278373 -0.21068975 -2.2026656 -3.8881836 -5.056554 -5.056554 -5.2289367 -5.592855 -7.8146744 -9.212888 -10.936713 -13.311762 -17.123331 -17.832014 -18.195932 -17.793707 -15.552734 -14.518439 -13.254301 -11.951855 -10.764331 -12.660539 -13.9438305 -14.039598 -8.465898 -7.297527 -7.1826053 -6.3206925 -2.681506 -0.91937345 -0.45968673 -0.17238252 1.0534488 1.4173675 1.6280571 1.532289 0.6895301 0.2681506 0.4213795 0.4213795 -0.82360536 -1.8387469 -2.9113493 -4.2904096 -5.1906295 -5.5162406 -4.060566 -4.76925 -6.6654577 -5.439626 -3.0071173 -0.7469909 -2.5091233 -5.056554 -6.703765 -3.715801 -2.777274 -2.585738 -3.0454245
9.002198 9.749189 10.28549 10.342952 10.093954 8.255207 9.040505 10.5919485 11.032481 8.42759 8.561666 8.963891 8.963891 7.680599 7.1059904 7.0485296 6.9719152 5.401319 3.7541082 3.1411927 1.7429788 1.6280571 1.6089035 0.51714754 0.11492168 -0.1340753 1.3982137 2.4899697 1.9919758 2.2026656 4.175488 7.4124484 9.232041 10.036493 10.01734 10.362105 10.6877165 8.542512 7.0102224 5.2863975 4.0222588 2.1452048 1.2066777 -0.32561144 0.6703765 7.029376 7.297527 6.1100025 5.535394 5.707777 5.45878 4.8458643 4.271256 4.654328 5.0182467 4.213795 3.9073372 5.7269306 7.1251445 7.240066 6.3206925 6.8569937 7.201759 9.32781 7.699753 4.5394063 4.232949 7.469909 9.136273 1.6089035 -5.6886234 -4.060566 5.363012 6.3206925 6.1866174 4.271256 -2.1068976 1.2066777 4.2904096 4.8841715
0.00
Right
-0.095768064 -0.11492168 -0.038307227 0.21068975 0.095768064 0.1340753 0.90021986 0.8810662 1.283292 1.3024458 2.432509 2.9879637 3.0262709 3.1603463 2.2409728 1.8579005 2.930503 3.8115692 6.397307 8.00621 9.615114 10.91756 12.392388 12.947843 14.135366 15.705963 16.587029 17.219099 16.989256 16.127342 15.380352 14.958972 14.192827 13.618219 13.120225 11.779472 9.825804 8.523358 8.274361 8.925584 8.599973 6.6271505 2.183512 2.4133554 3.8498764 1.0342951 -0.5554548 -0.9576807 0.30645782 2.183512 5.133168 6.339846 7.4124484 9.059659 11.568783 11.87524 11.81778 11.9135475 13.40753 14.365211 14.403518 13.311762 13.694834 16.912642 18.86631 14.84405 13.656527 14.767436 19.115307 18.176779 12.315774 7.3166804 4.462792 5.66947 7.431602 7.6231384 5.7843914 1.2641385 0.24899697 1.1683705
2.834735 2.8921957 2.7006595 2.7581203 2.777274 2.2026656 2.4516625 2.27928 2.4133554 2.777274 2.7964275 2.2026656 1.6089035 1.6280571 1.685518 1.9728222 0.80445176 0.05746084 -2.2409728 -3.4284968 -3.7732618 -4.4244847 -7.8146744 -8.0445175 -8.465898 -8.848969 -9.404425 -10.036493 -11.473015 -12.583924 -13.8480625 -14.403518 -14.422671 -13.982138 -12.928689 -12.641385 -12.5264635 -11.951855 -9.672575 -8.6574335 -8.542512 -8.599973 -6.397307 -5.0374002 -3.0262709 -2.030283 -1.0342951 0.61291564 1.1875241 1.3215994 1.1109096 1.4939818 1.1875241 1.1109096 -0.2873042 -1.1300632 -1.8387469 -2.2601264 -3.8498764 -4.8267107 -5.841852 -6.799533 -6.7803793 -6.4164605 -5.841852 -5.2863975 -5.2863975 -5.9759274 -5.93762 -0.47884035 -0.076614454 -0.842759 -1.8387469 -1.9536686 -0.24899697 1.5514427 2.3942018 2.566584 2.2601264 2.4899697
8.868123 9.174581 9.442732 8.523358 8.6574335 8.37013 7.776367 7.1059904 6.397307 5.554548 4.5202527 6.090849 7.52737 8.0445175 5.9567738 3.5817258 2.432509 2.3750482 6.5505357 6.6654577 4.960786 2.815581 5.93762 8.446744 8.523358 6.9719152 6.895301 6.2249246 6.339846 6.7229185 6.339846 6.2249246 6.531382 6.2632318 5.3438582 5.3438582 4.6926355 4.807557 4.156334 4.4819455 5.1523223 6.167464 4.462792 4.6160207 5.9567738 7.2783732 8.772355 8.963891 7.2592196 5.401319 4.3287168 4.673482 4.1946416 3.3327289 4.501099 6.4739213 8.178593 8.963891 9.308656 9.040505 8.408437 8.561666 8.2169 5.171476 2.6623523 6.5696893 9.346964 9.749189 7.5848308 1.9536686 3.2752678 5.707777 7.795521 8.101978 6.703765 6.4164605 6.0525417 4.807557 4.7884035 5.803545
0.00
Right
-0.1340753 -0.17238252 -0.2873042 -0.32561144 -0.30645782 -0.17238252 -0.095768064 -0.05746084 -0.1340753 -0.15322891 -0.05746084 -0.019153614 -0.019153614 0.019153614 0.15322891 0.076614454 0.095768064 0.05746084 0.11492168 0.15322891 0.05746084 -0.019153614 -0.11492168 -0.11492168 -0.05746084 -0.095768064 -0.038307227 0.15322891 0.4405331 0.9959879 0.7469909 1.6472107 2.7389667 1.4173675 1.091756 1.4173675 2.0494366 3.4859576 6.895301 9.730036 11.089942 10.994174 16.376339 21.4712 20.590134 18.272547 16.701952 15.897499 15.284584 15.093047 14.4609785 14.288596 14.633361 14.767436 14.84405 13.962984 9.80665 7.393295 4.9799395 2.6240451 1.4748282 0.9576807 0.9768343 1.1683705 2.585738 3.2944214 3.964798 5.056554 8.485051 10.0748005 10.668563 10.6877165 11.33894 10.955867 11.722012 13.330915 14.958972 17.046717 18.617311 22.333113
2.7964275 2.777274 2.815581 2.8538885 2.8921957 2.7581203 2.7964275 2.7964275 2.834735 2.7964275 2.834735 2.777274 2.7964275 2.777274 2.815581 2.777274 2.7964275 2.7581203 2.719813 2.719813 2.7389667 2.7964275 2.7581203 2.7581203 2.8538885 2.7964275 2.6623523 2.834735 2.834735 2.7389667 2.6048915 2.9879637 3.0454245 2.528277 2.0685902 1.8579005 1.9536686 1.7429788 1.3982137 0.9768343 -2.834735 -6.205771 -7.5465236 -6.991069 -9.174581 -11.204864 -12.966996 -13.962984 -13.503298 -12.852075 -13.273455 -14.173674 -15.1696615 -14.997279 -14.958972 -15.227123 -14.441825 -13.599066 -12.98615 -11.300632 -7.4507556 -5.5737014 -3.466804 -2.8921957 -1.283292 -1.1492168 -1.7046716 -1.7429788 -0.6512229 -0.5363012 -1.1109096 -1.436521 -1.685518 -2.1260512 -2.528277 -2.336741 -2.4899697 -3.7732618 -3.8881836 -2.873042
9.193734 9.136273 9.002198 8.791509 8.676587 8.90643 8.887277 8.963891 9.212888 9.11712 9.078813 9.040505 9.097966 9.021352 9.078813 8.963891 9.021352 9.232041 9.308656 9.155427 9.097966 9.232041 9.385271 9.461885 9.212888 9.155427 9.212888 9.212888 9.040505 7.7572136 7.6231384 7.2783732 5.9567738 5.650316 5.5737014 4.2904096 -0.05746084 -4.0414124 -2.930503 -1.9728222 1.5897499 3.3518825 3.2369606 2.2984335 1.685518 4.7500963 7.431602 9.308656 11.836933 10.936713 9.136273 7.5082164 7.431602 7.7189064 7.374141 7.4507556 7.52737 6.6654577 6.301539 6.9144545 8.465898 10.955867 11.81778 10.802638 9.385271 8.485051 6.435614 4.003105 0.24899697 -2.336741 -2.8538885 -0.4405331 -0.5554548 0.019153614 -1.6472107 1.5514427 3.3327289 1.1109096 -0.4405331 1.8770541
0.00
Right
-0.32561144 -0.5746084 -0.63206923 -0.38307226 -0.4213795 -0.7278373 -0.40222588 -0.11492168 0.1340753 0.6703765 0.38307226 0.7278373 0.93852705 0.076614454 1.5514427 1.8770541 1.4939818 1.3982137 0.51714754 0.63206923 2.1068976 3.2561142 4.213795 3.964798 3.7349546 3.7924154 6.7612257 9.902418 10.151415 9.346964 9.9790325 11.377247 12.852075 14.614207 15.840038 15.016433 14.001291 13.713987 15.035586 15.571888 15.322891 14.30775 12.373235 11.971008 12.258312 12.679692 11.530476 9.634268 6.9527617 5.305551 5.9184666 6.493075 6.5696893 5.93762 4.807557 4.2904096 4.3478703 4.309563 4.003105 5.2863975 7.240066 8.178593 6.799533 4.9416323 4.1180267 6.4739213 7.1251445 7.833828 8.887277 12.334928 14.78659 15.993267 17.33402 19.689915 19.191921 18.061857 17.161638 17.410635 17.774553 17.468096
3.2369606 3.083732 3.1794999 3.371036 3.371036 3.2561142 3.2561142 2.9113493 2.777274 2.7389667 3.2944214 2.9113493 2.777274 3.6391866 3.3901896 3.5434184 3.3518825 3.1411927 3.217807 3.1028855 2.1643584 2.4133554 2.777274 1.6663644 1.1492168 0.30645782 -2.030283 -1.5131354 -1.4939818 -2.9496565 -5.650316 -6.397307 -6.9527617 -7.5465236 -9.32781 -10.649409 -11.587936 -12.047623 -11.626244 -11.128249 -11.013328 -11.319786 -11.473015 -10.821792 -10.036493 -9.3661175 -9.193734 -9.730036 -10.093954 -7.8529816 -6.167464 -4.9416323 -4.76925 -4.213795 -3.8881836 -3.2561142 -2.834735 -3.3327289 -2.7006595 -1.7046716 -1.2449849 -1.5514427 -2.6623523 -2.4133554 -1.436521 -2.030283 -2.566584 -3.0454245 -2.7389667 -2.8921957 -3.4476504 -3.0071173 -1.3215994 -0.9768343 -1.4939818 -1.7046716 -1.4748282 -0.5746084 -0.21068975 -0.095768064
9.787497 10.093954 8.791509 8.63828 8.293514 7.8146744 9.174581 9.442732 10.113108 9.902418 8.963891 8.619126 7.9487495 8.178593 8.887277 8.446744 8.025364 7.6231384 6.6654577 6.6654577 6.2823853 4.9224787 3.3518825 3.86903 4.1946416 3.2752678 1.7238252 0.7086837 0.22984336 1.283292 5.631162 6.090849 5.7269306 5.094861 7.5465236 8.772355 8.7532015 7.52737 6.9719152 7.489063 7.2209125 6.6271505 3.5434184 2.777274 1.8770541 0.93852705 0.6895301 1.2258313 1.4556746 2.6623523 3.6774938 3.86903 3.4284968 3.86903 5.439626 6.0142345 5.899313 6.397307 7.967903 7.5848308 5.5737014 3.3901896 3.7732618 5.746084 7.5848308 4.367024 3.6774938 4.0414124 4.501099 3.6583402 2.5474305 2.9113493 4.213795 2.2601264 1.2449849 2.1452048 3.466804 2.7006595 1.5514427 1.3982137
0.00
Right
0.34476504 0.2681506 0.49799395 1.2641385 1.8195933 1.685518 1.6472107 2.9496565 3.371036 3.466804 3.3901896 2.0494366 2.1260512 2.2026656 2.873042 3.8307228 4.098873 4.3287168 4.5777135 5.8226986 8.389283 12.373235 13.962984 12.449849 11.702858 11.33894 11.33894 13.809755 14.595054 14.211981 13.560759 13.464991 13.656527 13.9438305 14.422671 14.116213 13.388376 12.469003 11.281479 8.561666 7.335834 6.205771 5.995081 4.903325 5.401319 5.631162 5.439626 2.6240451 2.719813 2.5091233 0.8619126 -1.3215994 -0.2873042 1.0534488 2.777274 6.588843 7.240066 6.7803793 6.5505357 8.542512 9.672575 10.515334 10.91756 12.50731 13.158532 13.043611 12.430696 13.637373 16.146496 17.621325 15.993267 15.667656 15.227123 15.112201 14.633361 14.058752 13.88637 13.771448 12.966996 12.29662
3.8307228 3.7924154 3.7924154 3.620033 3.3901896 3.4476504 3.8115692 4.156334 3.9839516 4.003105 3.9456444 4.2904096 3.8307228 3.1603463 2.3558946 1.8770541 1.4556746 1.2641385 0.4405331 -1.2641385 -1.9728222 -1.934515 -1.6663644 -4.232949 -5.45878 -6.4547677 -7.029376 -7.5465236 -7.489063 -7.929596 -8.2169 -10.189722 -11.109096 -11.568783 -11.492168 -10.898406 -10.496181 -10.132261 -9.787497 -8.485051 -7.872135 -7.489063 -7.086837 -6.3781533 -5.7269306 -6.6654577 -7.8912888 -9.289502 -7.6614456 -5.995081 -4.5777135 -2.9496565 -1.9728222 -1.3215994 -0.7661445 -0.80445176 -0.91937345 -0.90021986 -0.78529817 -0.82360536 -0.40222588 -0.38307226 -0.34476504 0.076614454 -0.05746084 -0.7469909 -0.93852705 -0.45968673 -0.19153613 -0.19153613 -0.8810662 -1.0151415 -1.2449849 -1.6472107 -2.1068976 -1.7046716 -1.3790601 -1.4748282 -2.0111294 -1.340753
8.7532015 9.155427 9.002198 8.101978 7.8146744 7.967903 8.599973 9.595961 9.078813 8.580819 7.469909 5.554548 4.596867 3.0454245 3.5817258 4.5777135 2.8538885 0.9576807 0.45968673 1.3790601 2.2984335 2.815581 3.1603463 3.2369606 3.5051112 3.964798 4.098873 2.3942018 2.7581203 4.098873 5.0374002 4.213795 4.175488 4.8267107 5.6886234 5.841852 4.5394063 3.9073372 3.7349546 3.7924154 3.8307228 3.9073372 3.5817258 3.1411927 1.7621324 1.3024458 2.585738 6.1100025 7.52737 9.615114 11.070788 10.764331 9.595961 8.829816 7.086837 5.3438582 5.3438582 6.4547677 6.6079965 3.1986535 1.9536686 1.436521 1.8579005 1.8770541 1.5897499 2.030283 4.1946416 3.3518825 0.6703765 -0.90021986 4.711789 4.999093 4.4244847 3.7541082 3.6583402 5.746084 8.063671 8.6574335 5.592855 4.2904096
0.00
Right
0.1340753 0.49799395 0.61291564 0.8810662 0.7661445 0.93852705 1.4173675 2.528277 3.122039 3.4476504 2.815581 3.5434184 3.5434184 3.3518825 1.934515 0.9959879 0.4213795 3.1794999 5.592855 7.201759 7.335834 6.4739213 5.3438582 6.1866174 8.0445175 10.342952 13.101071 14.231135 15.093047 15.974113 15.150508 14.097059 13.560759 13.273455 12.29662 11.779472 11.147403 11.166556 12.124237 12.028469 11.664551 11.377247 10.036493 8.90643 7.833828 7.833828 8.00621 7.8146744 6.933608 4.8267107 4.865018 4.865018 4.4436383 4.8458643 5.899313 5.6886234 5.0182467 5.056554 5.439626 5.3821654 4.673482 4.7500963 5.3438582 6.3206925 7.8146744 10.151415 10.764331 12.162544 14.480132 18.349161 17.180792 16.472107 16.299725 16.01242 15.974113 15.47612 15.591042 15.05474 14.537593 13.67568
3.6008794 3.6391866 3.5434184 3.4284968 3.1794999 3.3135753 4.003105 3.8881836 3.7924154 3.9264908 3.9264908 4.003105 4.1946416 4.2521024 3.9073372 3.217807 2.6623523 2.834735 2.585738 2.4516625 1.8195933 0.6895301 -2.7964275 -4.596867 -6.397307 -7.1251445 -6.9527617 -6.7612257 -7.086837 -7.469909 -8.848969 -9.653421 -10.323798 -10.783484 -11.032481 -11.204864 -11.549629 -11.741165 -10.764331 -10.113108 -9.653421 -9.270349 -8.42759 -8.2169 -7.9104424 -7.067683 -6.167464 -6.205771 -5.5737014 -3.6966474 -2.6240451 -2.030283 -1.3215994 -0.095768064 1.1300632 0.6512229 0.5363012 1.8195933 1.6280571 1.091756 0.2681506 0.8619126 0.9959879 0.7469909 0.40222588 -0.38307226 -0.80445176 -0.15322891 0.22984336 -0.05746084 -0.038307227 0.2681506 -0.019153614 -0.51714754 -0.34476504 -0.05746084 0.8619126 1.6280571 1.6472107 1.5514427
8.2169 8.504205 8.676587 8.810662 8.465898 8.523358 8.791509 9.097966 9.691729 9.461885 8.446744 8.00621 7.6614456 7.3549876 5.592855 4.9799395 4.003105 0.8619126 -0.36391866 -1.091756 -0.05746084 1.2258313 2.3750482 2.4133554 2.719813 3.964798 3.6008794 3.7732618 3.7732618 4.711789 6.244078 5.1523223 4.4819455 4.5202527 5.2480903 4.55856 3.7924154 3.1028855 2.777274 2.566584 2.2026656 2.183512 1.685518 1.8387469 2.030283 1.7621324 -0.019153614 1.4939818 3.6583402 5.2863975 4.865018 5.535394 6.531382 5.094861 2.4133554 -0.17238252 3.6966474 6.1100025 2.0494366 0.63206923 2.6623523 6.588843 6.339846 5.209783 4.3861775 4.7884035 5.3438582 5.3247046 4.7309427 0.36391866 2.6431987 4.367024 3.1794999 -0.8810662 -1.1300632 0.36391866 1.0726024 -1.283292 -1.2449849 -0.076614454
0.00
Right
0.4213795 0.5746084 0.61291564 0.8619126 0.8810662 1.1683705 1.340753 1.685518 2.087744 2.4516625 2.834735 3.0262709 3.3518825 4.156334 6.1866174 7.431602 8.274361 8.810662 10.745177 14.192827 16.529568 16.778566 15.47612 15.514427 15.342045 14.939818 14.384364 14.346057 14.211981 13.905523 12.98615 11.971008 11.224017 10.821792 8.619126 6.3589997 5.497087 6.0525417 6.9527617 7.5465236 6.933608 5.7843914 4.7884035 3.5434184 1.8579005 3.2944214 3.1794999 5.2289367 6.435614 6.167464 6.167464 9.576807 10.132261 10.611102 10.821792 11.262324 12.717999 14.652514 15.418659 15.188815 15.1696615 16.912642 18.86631 17.717093 16.682798 16.089035 15.533581 14.326903 12.98615 12.047623 11.128249 11.798626 12.29662 11.33894 9.481039 6.14831 5.1523223 4.5202527 3.8307228 3.064578
3.620033 3.6008794 3.5242648 3.3901896 3.1794999 3.2561142 3.3518825 3.4093432 3.3135753 3.371036 2.8921957 2.566584 2.27928 1.4556746 -0.4405331 -1.1875241 -1.2449849 -2.528277 -6.4164605 -6.6079965 -5.841852 -6.3206925 -8.082825 -9.040505 -9.5385 -9.825804 -9.902418 -10.304645 -10.496181 -10.668563 -10.43872 -10.247183 -9.653421 -9.289502 -9.519346 -9.787497 -9.251195 -8.2169 -7.431602 -7.4124484 -8.082825 -5.66947 -3.715801 -4.0222588 -3.964798 -0.61291564 -0.5554548 -0.7661445 -0.7469909 -0.59376204 -0.7661445 -1.283292 -1.436521 -1.5131354 -1.532289 -2.834735 -2.9496565 -2.030283 -1.6472107 -3.5817258 -3.2944214 -2.2601264 -1.3024458 -0.7278373 -0.47884035 -0.40222588 -0.91937345 -2.030283 -2.2984335 -2.1643584 -2.4516625 -1.6472107 -0.51714754 0.38307226 0.7469909 0.5554548 0.6703765 0.7469909 0.8619126 1.5131354
8.580819 8.408437 8.561666 8.350976 8.159439 7.8912888 6.2823853 5.2289367 4.5777135 4.003105 2.9879637 3.1411927 2.4516625 2.087744 4.1946416 4.673482 3.9264908 2.9879637 3.2944214 4.76925 5.66947 7.0102224 6.0142345 5.9759274 6.9719152 7.6231384 6.0525417 4.865018 4.1371803 3.7732618 2.4133554 1.8387469 1.2449849 1.4173675 1.0534488 -0.076614454 0.32561144 1.0151415 2.1068976 3.6966474 5.0757074 6.588843 8.37013 7.8529816 7.699753 10.01734 10.208876 5.4779334 3.3327289 4.1180267 5.1523223 3.2944214 3.620033 3.5434184 3.715801 4.232949 3.7349546 2.7389667 2.8538885 4.9416323 5.1140146 3.5051112 0.32561144 1.3599066 3.083732 3.6008794 3.083732 1.8195933 3.1603463 5.0374002 5.592855 3.3901896 2.719813 2.96881 3.7924154 6.0525417 6.3589997 6.1866174 5.841852 6.2632318
0.00
Right
0.11492168 0.2873042 0.40222588 0.6512229 0.7086837 0.8619126 1.2258313 1.8579005 1.5514427 1.8770541 2.4516625 3.9073372 4.098873 4.3478703 4.865018 7.7189064 9.155427 10.91756 12.545617 13.982138 15.74427 16.64449 16.452953 14.441825 14.84405 15.361198 15.20797 13.330915 12.334928 11.492168 11.070788 10.783484 10.649409 10.419566 9.749189 7.029376 6.5122285 6.6654577 6.6271505 6.9719152 7.967903 7.5848308 2.719813 1.2641385 1.4173675 1.532289 0.5554548 2.0685902 4.5394063 7.2783732 8.331821 7.335834 6.83784 7.2209125 9.691729 8.2169 6.090849 6.531382 11.109096 12.066776 12.354081 12.737153 16.242264 16.682798 15.591042 14.384364 14.211981 14.15452 14.480132 14.135366 12.488156 12.220005 12.50731 12.430696 10.208876 9.289502 8.695741 8.025364 6.646304 5.3821654
4.003105 3.964798 3.7349546 3.9073372 4.0414124 4.213795 4.060566 3.9264908 3.8115692 4.1180267 4.4436383 2.681506 1.8579005 1.5131354 1.2449849 -0.7278373 -2.2409728 -3.9073372 -4.6351743 -6.5696893 -7.0102224 -7.2209125 -7.9104424 -10.0748005 -10.860099 -11.319786 -11.473015 -11.319786 -11.587936 -11.81778 -11.377247 -10.208876 -9.442732 -8.848969 -8.714894 -8.025364 -7.335834 -6.6846113 -7.1251445 -7.9104424 -7.6231384 -7.8529816 -6.2632318 -5.2480903 -3.9264908 -2.9113493 -1.4556746 -0.8810662 0.34476504 1.436521 1.8579005 1.3790601 1.436521 1.7429788 2.030283 0.90021986 0.51714754 0.34476504 -0.1340753 -1.0151415 -1.6089035 -1.2066777 -0.019153614 0.38307226 0.05746084 0.019153614 -0.11492168 -0.8810662 -1.4556746 -1.436521 -1.7621324 -1.5897499 -2.0111294 -2.27928 -1.3024458 -1.0726024 -0.842759 -0.51714754 -0.095768064 0.17238252
8.868123 8.408437 7.872135 7.8912888 8.350976 8.1402855 7.680599 5.2480903 3.7349546 1.8387469 0.17238252 3.2752678 5.209783 5.66947 3.620033 -0.7278373 0.842759 3.2752678 4.0222588 2.087744 2.4516625 4.8267107 6.933608 6.090849 6.0142345 7.642292 9.308656 9.768343 7.2592196 5.094861 4.999093 5.45878 4.462792 3.4284968 3.0262709 3.064578 2.6048915 2.3750482 2.183512 3.4476504 5.0757074 6.5696893 7.4124484 8.178593 9.078813 10.170568 11.319786 9.844957 7.374141 4.596867 3.9264908 4.4436383 4.1371803 3.1603463 1.3215994 4.003105 7.52737 7.469909 2.2984335 2.930503 5.592855 7.6614456 2.27928 0.05746084 1.1683705 2.6240451 2.9496565 4.1371803 4.501099 4.711789 5.707777 6.493075 5.93762 6.1100025 7.7189064 8.293514 8.389283 7.73806 7.029376 7.1251445
0.00
Standing
-0.6512229 -0.7661445 -0.80445176 -0.38307226 -0.2873042 -0.05746084 0.05746084 0.34476504 0.1340753 -0.40222588 -0.34476504 0.17238252 0.30645782 0.40222588 0.019153614 -0.1340753 -0.19153613 -0.076614454 0.5554548 0.2681506 -0.15322891 -0.38307226 -0.05746084 0.17238252 0.15322891 0.019153614 -0.076614454 0.05746084 0.15322891 0.1340753 -0.11492168 -0.05746084 0.038307227 0.1340753 0.19153613 0.1340753 0.05746084 0.019153614 0.19153613 0.17238252 0.22984336 0.1340753 -0.05746084 0.076614454 0.17238252 0.1340753 0.019153614 -0.019153614 -0.05746084 0.11492168 0.11492168 0.076614454 0.05746084 -0.019153614 0.038307227 0.076614454 0.076614454 0.076614454 -0.076614454 -0.076614454 0.019153614 0.038307227 0.05746084 0.076614454 0.019153614 0.095768064 0.095768064 0.11492168 0.15322891 0.095768064 0.11492168 0.11492168 0.11492168 0.1340753 0.1340753 0.038307227 -0.038307227 0.019153614 0.038307227 0.038307227
3.9264908 3.5625722 3.5051112 3.5434184 3.6008794 3.6391866 3.5051112 3.371036 3.4476504 3.6583402 3.8498764 3.9456444 4.0222588 3.7349546 3.8115692 3.7349546 3.6008794 3.6391866 3.964798 3.7541082 3.5242648 3.4284968 3.4859576 3.6583402 3.6966474 3.6391866 3.6008794 3.6391866 3.6774938 3.7349546 3.6391866 3.6583402 3.715801 3.7349546 3.8498764 3.7924154 3.7541082 3.7732618 3.7732618 3.7349546 3.9073372 3.964798 3.715801 3.8307228 3.7924154 3.715801 3.715801 3.715801 3.6774938 3.7732618 3.715801 3.7349546 3.7924154 3.7349546 3.7541082 3.7541082 3.7732618 3.7924154 3.7349546 3.7349546 3.7924154 3.7732618 3.8115692 3.7924154 3.7349546 3.8115692 3.7924154 3.7924154 3.8115692 3.7349546 3.7732618 3.7732618 3.8307228 3.7924154 3.8115692 3.8307228 3.7541082 3.7732618 3.8115692 3.7732618
8.599973 8.542512 8.714894 8.868123 9.251195 9.595961 10.381259 9.653421 9.097966 8.714894 8.829816 8.810662 8.925584 8.983045 8.810662 8.791509 8.829816 8.810662 8.619126 8.925584 9.11712 9.193734 9.212888 9.021352 8.848969 8.848969 8.791509 8.695741 8.810662 8.829816 8.887277 8.810662 8.887277 8.90643 8.868123 8.810662 8.963891 8.944737 8.887277 8.90643 8.791509 8.810662 8.829816 8.772355 8.848969 8.887277 8.829816 8.868123 8.887277 8.925584 8.848969 8.810662 8.810662 8.90643 8.925584 8.90643 8.887277 8.963891 8.983045 8.887277 8.791509 8.791509 8.848969 8.887277 8.90643 8.983045 8.944737 8.887277 8.887277 8.791509 8.810662 8.7532015 8.810662 8.848969 8.887277 8.887277 8.848969 8.810662 8.810662 8.868123
0.00
Standing
-0.93852705 -0.5363012 -0.19153613 0.1340753 -0.49799395 -0.63206923 -0.6895301 -0.2681506 0.038307227 -0.2873042 -0.8810662 -0.7278373 -0.34476504 -0.47884035 -0.7086837 -0.51714754 -0.34476504 -0.21068975 -0.30645782 -0.40222588 -0.6512229 -0.7469909 -0.5554548 -0.095768064 -0.095768064 -0.17238252 -0.2681506 -0.24899697 -0.095768064 0.05746084 0.095768064 -0.095768064 -0.05746084 0.019153614 0.095768064 0.095768064 0.019153614 0.05746084 0.15322891 0.15322891 0.1340753 0.11492168 0.05746084 0.076614454 0.076614454 0.019153614 -0.1340753 -0.17238252 -0.11492168 -0.019153614 -0.019153614 -0.05746084 -0.076614454 -0.11492168 -0.05746084 -0.076614454 -0.076614454 -0.05746084 0.019153614 0.019153614 0.019153614 0.038307227 0.076614454 0.076614454 -0.019153614 -0.05746084 -0.05746084 0.05746084 0.15322891 0.076614454 -0.076614454 -0.11492168 -0.21068975 -0.095768064 -0.45968673 -0.45968673 -0.4405331 0.15322891 0.36391866 0.15322891
3.86903 3.7541082 3.7732618 4.0222588 3.8498764 3.6774938 3.8881836 3.5625722 3.5242648 3.6391866 3.466804 3.6008794 3.6583402 3.5625722 3.5242648 3.620033 3.6391866 3.620033 3.4859576 3.4093432 3.4284968 3.3135753 3.2561142 3.371036 3.3518825 3.3327289 3.2944214 3.1986535 3.3135753 3.2944214 3.2752678 3.3135753 3.2944214 3.3518825 3.3135753 3.3327289 3.3518825 3.371036 3.4284968 3.371036 3.3327289 3.2752678 3.1986535 3.1986535 3.1411927 3.083732 3.0454245 2.9879637 2.9879637 3.0262709 3.083732 3.064578 3.0262709 3.0071173 3.0262709 3.0262709 3.083732 3.083732 3.083732 3.0071173 3.0454245 3.0262709 3.122039 3.1794999 3.1794999 3.064578 3.0454245 3.0454245 2.930503 2.8538885 3.0262709 2.9879637 3.083732 3.1411927 3.2944214 3.2752678 3.1411927 2.6623523 3.2944214 3.2752678
8.561666 9.097966 9.825804 8.389283 7.9870567 7.8146744 8.197746 9.059659 9.423578 9.308656 9.193734 9.040505 9.097966 8.944737 9.078813 8.868123 8.90643 8.983045 8.695741 8.542512 8.772355 8.944737 8.925584 8.599973 8.829816 9.021352 8.983045 8.887277 9.097966 9.174581 9.021352 9.232041 9.270349 9.251195 9.251195 9.136273 9.174581 9.078813 8.887277 9.097966 9.232041 9.174581 9.251195 9.289502 9.212888 9.193734 9.270349 9.155427 9.11712 9.059659 9.002198 8.983045 9.002198 9.097966 9.040505 9.11712 9.193734 9.232041 9.385271 9.289502 9.251195 9.251195 8.810662 8.561666 8.542512 8.810662 8.983045 9.193734 9.3661175 9.442732 9.097966 9.11712 9.174581 9.212888 9.385271 9.251195 9.212888 8.887277 9.097966 9.32781
0.00
Standing
-0.22984336 -0.34476504 -0.32561144 -0.40222588 0.095768064 0.4213795 0.51714754 0.24899697 -0.2681506 -0.095768064 -0.038307227 -0.095768064 0.36391866 0.17238252 -0.076614454 -0.15322891 0.05746084 0.17238252 0.17238252 0.19153613 0.05746084 -0.019153614 -0.076614454 -0.076614454 -0.076614454 0.038307227 -0.038307227 -0.038307227 0.05746084 0.05746084 0.05746084 0.05746084 0.05746084 -0.05746084 -0.038307227 0.05746084 0.17238252 0.17238252 -0.038307227 0.038307227 0.095768064 0.11492168 0.17238252 -0.019153614 0.038307227 0.05746084 0.038307227 0.095768064 0.19153613 0.19153613 0.19153613 0.22984336 0.22984336 0.1340753 0.076614454 -0.076614454 -0.1340753 -0.05746084 -0.038307227 -0.34476504 -0.30645782 -0.15322891 0.15322891 0.34476504 0.40222588 0.4213795 0.4213795 0.45968673 0.38307226 0.2681506 0.21068975 0.22984336 0.22984336 0.15322891 0.019153614 -0.095768064 -0.1340753 -0.1340753 -0.17238252 -0.15322891
2.528277 2.3750482 2.2026656 2.0494366 1.6280571 1.5131354 1.5514427 1.7621324 1.9536686 1.9536686 1.9728222 1.934515 1.9536686 1.9728222 2.0111294 1.9919758 2.0494366 2.1068976 2.087744 2.0111294 2.0685902 2.1452048 2.1452048 2.1260512 2.1643584 2.1260512 1.9728222 1.934515 1.9728222 2.030283 2.087744 2.1260512 2.0685902 2.0494366 1.9919758 1.9728222 1.934515 1.9536686 1.9728222 2.0685902 2.1643584 2.27928 2.336741 2.3175871 2.3558946 2.3750482 2.3942018 2.432509 2.4133554 2.3942018 2.3175871 2.2026656 2.087744 1.9919758 1.9919758 1.9153614 1.9153614 1.9728222 2.030283 2.0494366 2.1260512 2.2026656 2.3175871 2.3942018 2.432509 2.432509 2.432509 2.432509 2.3750482 2.3175871 2.27928 2.2026656 2.183512 2.1643584 2.1452048 2.1068976 2.1068976 2.1260512 2.087744 2.1068976
8.810662 8.734048 8.504205 8.619126 9.864111 10.01734 10.28549 10.304645 9.136273 9.481039 9.710882 9.844957 9.825804 9.615114 9.557653 9.423578 9.308656 9.155427 9.519346 9.653421 9.385271 9.32781 9.308656 9.251195 9.021352 9.481039 9.825804 9.883265 9.423578 9.193734 9.002198 8.944737 8.791509 8.983045 9.174581 9.289502 9.481039 9.3661175 9.32781 9.155427 9.097966 9.212888 9.270349 9.3661175 9.385271 9.404425 9.346964 9.461885 9.500193 9.481039 9.500193 9.5385 9.500193 9.404425 9.270349 9.232041 9.232041 9.136273 9.11712 8.983045 9.097966 9.174581 9.251195 9.289502 9.232041 9.232041 9.232041 9.32781 9.32781 9.32781 9.308656 9.289502 9.270349 9.308656 9.308656 9.270349 9.289502 9.3661175 9.212888 9.232041
0.00
Standing
-0.30645782 -0.076614454 -0.2681506 -0.38307226 -0.40222588 -0.32561144 -0.40222588 -0.34476504 -0.19153613 -0.19153613 -0.019153614 -0.1340753 -0.2681506 -0.21068975 -0.15322891 -0.019153614 -0.05746084 -0.19153613 -0.17238252 -0.15322891 -0.2681506 -0.21068975 -0.30645782 -0.19153613 -0.19153613 0.076614454 -0.05746084 -0.24899697 -0.32561144 -0.15322891 0.15322891 0.17238252 -0.076614454 -0.076614454 -0.05746084 -0.076614454 0.038307227 0.019153614 -0.019153614 -0.038307227 -0.05746084 -0.05746084 -0.05746084 0.019153614 -0.05746084 -0.019153614 -0.019153614 0.05746084 0.05746084 -0.019153614 -0.038307227 -0.038307227 -0.038307227 -0.15322891 -0.1340753 -0.21068975 -0.30645782 -0.2681506 -0.17238252 -0.17238252 -0.17238252 -0.17238252 -0.21068975 -0.17238252 -0.17238252 0.05746084 0.076614454 0.076614454 -0.019153614 0.019153614 -0.038307227 -0.019153614 -0.11492168 -0.17238252 -0.11492168 0.05746084 0.019153614 0.038307227 0.05746084 -0.038307227
3.122039 3.1411927 3.1028855 3.0454245 2.9879637 2.7964275 2.834735 2.8538885 2.719813 2.585738 2.432509 2.566584 2.6431987 2.6240451 2.6623523 2.6623523 2.719813 2.6240451 2.566584 2.5474305 2.5474305 2.528277 2.5091233 2.566584 2.528277 2.5474305 2.566584 2.5091233 2.4708161 2.4899697 2.5091233 2.4708161 2.4708161 2.4899697 2.4516625 2.432509 2.4899697 2.4899697 2.5091233 2.528277 2.528277 2.5474305 2.5474305 2.4899697 2.5474305 2.5474305 2.5474305 2.5474305 2.5474305 2.566584 2.5474305 2.5474305 2.5091233 2.4708161 2.4708161 2.4516625 2.4133554 2.4133554 2.4516625 2.432509 2.4708161 2.4708161 2.5091233 2.528277 2.5474305 2.528277 2.4899697 2.5474305 2.528277 2.5474305 2.5091233 2.4708161 2.4516625 2.432509 2.4516625 2.4899697 2.4899697 2.5091233 2.4133554 2.1260512
8.312668 9.193734 9.404425 9.078813 8.983045 8.887277 8.465898 8.734048 9.097966 9.634268 9.844957 9.423578 9.289502 9.232041 9.289502 9.136273 8.983045 9.404425 9.461885 9.346964 9.193734 9.251195 9.097966 9.212888 9.289502 9.32781 9.251195 9.11712 9.136273 9.097966 9.136273 9.232041 9.346964 9.232041 9.136273 9.136273 9.5385 9.404425 9.32781 9.346964 9.270349 9.251195 9.212888 9.270349 9.174581 9.174581 9.136273 9.155427 9.174581 9.289502 9.174581 9.097966 9.11712 9.11712 9.155427 9.174581 9.32781 9.289502 9.308656 9.212888 9.346964 9.289502 9.251195 9.155427 9.193734 9.212888 9.32781 9.461885 9.289502 9.232041 9.155427 9.289502 9.404425 9.289502 9.174581 9.097966 9.078813 9.078813 9.212888 9.615114
0.00
Standing
0.45968673 0.24899697 0.1340753 -0.05746084 -0.1340753 -0.19153613 -0.2873042 -0.22984336 0.17238252 0.17238252 0.30645782 0.30645782 -0.11492168 -0.5746084 -0.2681506 0.7086837 0.21068975 -0.15322891 -0.22984336 0.15322891 0.32561144 0.36391866 0.2873042 0.019153614 0.095768064 0.15322891 0.2681506 0.32561144 0.30645782 0.21068975 0.11492168 0.1340753 0.11492168 0.19153613 0.11492168 0.11492168 0.1340753 0.19153613 0.15322891 0.095768064 0.076614454 0.095768064 0.11492168 0.17238252 0.17238252 0.19153613 0.05746084 0.24899697 0.22984336 0.15322891 0.22984336 0.05746084 0.019153614 0.15322891 0.34476504 -0.019153614 -0.05746084 0.038307227 0.22984336 0.21068975 0.17238252 0.17238252 0.11492168 0.095768064 0.22984336 0.17238252 -0.019153614 -0.019153614 -0.019153614 -0.019153614 0.11492168 0.076614454 0.076614454 0.019153614 0.19153613 0.30645782 0.36391866 0.24899697 0.19153613 0.17238252
2.7006595 2.6623523 2.566584 2.4516625 2.4708161 2.4516625 2.3942018 2.3175871 2.27928 2.2218192 2.2026656 2.1643584 2.1643584 1.9919758 2.0685902 2.0494366 2.0494366 1.9728222 1.934515 1.9728222 1.9728222 1.9728222 1.9728222 1.9153614 1.8962077 1.8770541 1.9536686 1.8962077 1.9153614 1.8770541 1.8195933 1.7621324 1.7429788 1.7238252 1.6663644 1.6663644 1.6472107 1.6280571 1.6472107 1.6472107 1.6472107 1.6280571 1.6663644 1.7046716 1.6663644 1.685518 1.6280571 1.685518 1.6472107 1.6472107 1.6280571 1.4939818 1.4939818 1.5131354 1.4748282 1.4939818 1.436521 1.436521 1.4748282 1.5131354 1.5131354 1.4939818 1.5131354 1.4939818 1.4748282 1.4173675 1.3790601 1.2641385 1.2449849 1.2449849 1.340753 1.3215994 1.340753 1.3599066 1.2449849 1.283292 1.2641385 1.283292 1.4173675 1.5131354
9.481039 9.576807 9.80665 9.481039 9.155427 9.040505 9.059659 8.848969 9.270349 9.3661175 9.595961 9.385271 9.155427 9.136273 9.481039 9.557653 9.423578 9.864111 9.883265 9.270349 9.346964 9.385271 9.442732 9.519346 9.481039 9.423578 9.308656 9.232041 9.32781 9.423578 9.32781 9.385271 9.346964 9.212888 9.289502 9.346964 9.289502 9.289502 9.270349 9.557653 9.404425 9.32781 9.385271 9.385271 9.3661175 9.461885 9.500193 9.289502 9.289502 9.270349 9.251195 9.251195 9.308656 9.193734 9.385271 9.653421 9.500193 9.404425 9.481039 9.500193 9.404425 9.385271 9.442732 9.289502 9.32781 9.481039 9.653421 9.691729 9.5385 9.423578 9.193734 9.021352 9.040505 9.078813 9.251195 9.385271 9.423578 9.385271 9.308656 9.251195
0.00
Standing
-0.7661445 -0.59376204 -0.5554548 -0.51714754 -0.6512229 -0.49799395 -0.5363012 -0.5363012 -0.34476504 -0.5363012 -0.5746084 -0.4213795 -0.51714754 -0.45968673 -0.4213795 -0.36391866 -0.45968673 -0.36391866 -0.47884035 -0.6703765 -0.2681506 -0.076614454 0.038307227 -0.019153614 -0.22984336 -0.15322891 0.019153614 -0.038307227 -0.038307227 -0.076614454 -0.21068975 -0.17238252 -0.1340753 -0.22984336 -0.34476504 -0.4213795 -0.5363012 -0.6703765 -0.6703765 -0.63206923 -0.5746084 -0.45968673 -0.15322891 -0.019153614 0.1340753 0.21068975 0.22984336 0.22984336 0.17238252 -0.019153614 -0.05746084 0.038307227 0.11492168 -0.038307227 -0.19153613 -0.21068975 -0.19153613 -0.22984336 -0.24899697 -0.22984336 -0.21068975 -0.15322891 -0.1340753 -0.15322891 -0.22984336 -0.24899697 -0.2873042 -0.2681506 -0.2873042 -0.24899697 -0.15322891 -0.076614454 -0.095768064 -0.05746084 -0.019153614 0.019153614 0.11492168 0.038307227 -0.019153614 0.019153614
1.340753 1.3599066 1.3790601 1.2641385 1.3790601 1.3024458 1.3215994 1.4173675 1.2641385 1.3215994 1.340753 1.2258313 1.3599066 1.3982137 1.3982137 1.4556746 1.3599066 1.283292 1.2258313 1.1683705 1.1875241 1.1875241 1.2066777 1.2641385 1.3024458 1.3599066 1.3982137 1.5514427 1.6089035 1.6280571 1.6280571 1.7429788 1.7429788 1.685518 1.6472107 1.4556746 1.3024458 1.2066777 1.1683705 1.0726024 1.1109096 1.1492168 1.2641385 1.3215994 1.3790601 1.436521 1.436521 1.436521 1.4939818 1.5705963 1.6280571 1.7046716 1.8387469 1.8195933 1.7621324 1.7238252 1.5705963 1.4748282 1.4173675 1.3790601 1.3790601 1.3790601 1.4173675 1.3599066 1.3599066 1.340753 1.340753 1.3790601 1.3599066 1.3790601 1.4173675 1.4173675 1.3982137 1.436521 1.436521 1.4173675 1.4173675 1.4173675 1.4173675 1.3982137
9.461885 9.423578 9.691729 9.576807 9.5385 9.346964 9.059659 9.308656 9.442732 9.270349 9.576807 9.844957 9.212888 9.32781 9.078813 8.887277 9.136273 9.308656 9.461885 9.5385 9.519346 9.5385 9.481039 9.423578 9.423578 9.404425 9.32781 9.404425 9.3661175 9.385271 9.423578 9.32781 9.308656 9.500193 9.730036 9.902418 9.998186 10.055647 9.959879 9.883265 9.825804 9.615114 9.289502 9.11712 9.059659 8.810662 8.734048 8.619126 8.619126 8.829816 8.983045 9.193734 9.500193 9.730036 9.825804 9.959879 10.151415 10.151415 10.0748005 9.902418 9.32781 9.308656 9.251195 9.212888 9.097966 9.040505 9.040505 9.136273 9.232041 9.3661175 9.500193 9.615114 9.634268 9.615114 9.595961 9.442732 9.385271 9.346964 9.32781 9.270349
0.00
Standing
0.05746084 0.076614454 -0.15322891 -0.36391866 -0.4213795 -0.2873042 -0.34476504 -0.36391866 -0.36391866 -0.34476504 -0.4405331 -0.45968673 -0.36391866 -0.2681506 -0.19153613 -0.36391866 -0.4405331 -0.4405331 -0.19153613 -0.11492168 -0.2873042 -0.38307226 -0.2873042 0.095768064 -0.095768064 -0.32561144 -0.21068975 -0.095768064 -0.095768064 -0.05746084 -0.36391866 -0.40222588 -0.24899697 -0.22984336 -0.22984336 -0.15322891 -0.1340753 -0.1340753 -0.15322891 -0.17238252 -0.11492168 -0.076614454 -0.19153613 -0.11492168 -0.22984336 -0.2681506 -0.17238252 -0.17238252 -0.19153613 -0.1340753 -0.19153613 -0.21068975 -0.11492168 -0.095768064 -0.11492168 -0.11492168 -0.11492168 -0.095768064 -0.11492168 -0.1340753 -0.1340753 -0.076614454 -0.095768064 -0.11492168 -0.05746084 -0.076614454 -0.095768064 -0.05746084 -0.095768064 -0.15322891 -0.17238252 -0.17238252 -0.1340753 -0.17238252 -0.17238252 -0.19153613 -0.11492168 -0.11492168 -0.019153614 -0.11492168
2.336741 2.3175871 2.2601264 2.0111294 1.9919758 2.0111294 1.934515 1.9153614 1.8387469 1.8579005 1.8770541 1.7429788 1.7238252 1.7429788 1.8004397 1.934515 1.8579005 1.8004397 1.8004397 1.7621324 1.7429788 1.7046716 1.7238252 1.8004397 1.7621324 1.7429788 1.7046716 1.7429788 1.7429788 1.7429788 1.6280571 1.6280571 1.6089035 1.6472107 1.6663644 1.7429788 1.7046716 1.7238252 1.7046716 1.7046716 1.685518 1.7046716 1.6663644 1.6280571 1.6663644 1.6280571 1.6280571 1.6472107 1.685518 1.6472107 1.6280571 1.6663644 1.7046716 1.6663644 1.685518 1.6663644 1.6472107 1.6663644 1.6280571 1.6280571 1.6280571 1.6089035 1.6472107 1.6472107 1.7046716 1.6472107 1.7046716 1.7046716 1.7238252 1.7238252 1.7046716 1.6089035 1.6663644 1.7046716 1.6089035 1.6472107 1.685518 1.5514427 1.5131354 1.532289
9.155427 9.576807 9.80665 9.232041 9.346964 9.404425 9.174581 9.32781 9.232041 9.270349 9.3661175 9.289502 9.193734 9.174581 9.423578 8.983045 9.174581 9.461885 9.576807 9.691729 9.710882 9.576807 9.500193 9.461885 9.404425 9.3661175 9.289502 9.3661175 9.308656 9.308656 9.3661175 9.346964 9.404425 9.423578 9.289502 9.289502 9.232041 9.232041 9.193734 9.289502 9.385271 9.461885 9.346964 9.404425 9.595961 9.481039 9.385271 9.385271 9.461885 9.442732 9.385271 9.442732 9.3661175 9.270349 9.346964 9.442732 9.461885 9.385271 9.404425 9.423578 9.404425 9.423578 9.404425 9.3661175 9.346964 9.346964 9.385271 9.385271 9.289502 9.346964 9.442732 9.461885 9.442732 9.423578 9.385271 9.232041 9.193734 9.461885 9.672575 9.557653
0.00
Standing
0.17238252 -0.2873042 -0.095768064 -0.11492168 -0.24899697 -0.17238252 -0.17238252 -0.17238252 0.11492168 -0.1340753 -0.05746084 -0.30645782 -0.095768064 0.38307226 0.24899697 0.34476504 0.32561144 0.11492168 0.30645782 0.4405331 0.45968673 0.2873042 0.4405331 0.5746084 0.51714754 0.51714754 0.45968673 0.2681506 0.21068975 0.22984336 0.22984336 0.19153613 0.17238252 0.1340753 0.095768064 0.1340753 0.21068975 0.15322891 0.095768064 0.1340753 0.2873042 0.2873042 0.24899697 0.19153613 0.019153614 0.019153614 0.019153614 0.019153614 -0.095768064 -0.076614454 -0.095768064 -0.076614454 -0.095768064 -0.05746084 -0.05746084 -0.019153614 -0.019153614 0.095768064 0.24899697 0.2873042 0.19153613 0.1340753 0.05746084 0.038307227 0.15322891 0.17238252 0.095768064 -0.076614454 0.038307227 0.019153614 0.038307227 0.05746084 -0.05746084 0.019153614 0.22984336 0.1340753 -0.05746084 -0.095768064 -0.076614454 0.05746084
2.1643584 2.2026656 2.087744 2.2026656 1.9919758 1.934515 1.9536686 1.7238252 1.6472107 2.0494366 1.9728222 1.934515 1.9153614 2.0111294 2.0494366 2.1260512 2.087744 1.934515 2.0494366 2.030283 1.9728222 1.9728222 2.0494366 2.087744 2.1068976 2.1643584 2.087744 2.0685902 1.9728222 1.9919758 1.9728222 1.9536686 1.934515 1.8962077 1.8770541 1.8770541 1.8962077 1.9153614 1.934515 2.0111294 2.1068976 2.1260512 2.1260512 2.1068976 2.087744 2.0494366 2.0494366 1.9919758 1.9536686 1.9153614 1.9153614 1.934515 1.8579005 1.8962077 1.8962077 1.8962077 1.9919758 2.0494366 2.030283 2.030283 2.087744 2.0494366 1.9919758 2.0111294 2.030283 2.0111294 2.030283 1.9728222 1.9536686 1.934515 1.8962077 2.0111294 2.0111294 1.9728222 2.030283 1.9919758 1.9919758 1.9919758 1.9536686 2.0494366
9.921572 8.90643 8.6574335 8.619126 8.791509 9.634268 10.0748005 10.01734 9.500193 9.385271 9.595961 9.5385 9.500193 9.5385 9.481039 9.481039 9.442732 9.404425 9.346964 9.270349 9.270349 9.461885 9.270349 9.174581 9.251195 9.289502 9.270349 9.3661175 9.557653 9.442732 9.423578 9.346964 9.404425 9.385271 9.3661175 9.385271 9.193734 9.212888 9.193734 9.174581 9.3661175 9.308656 9.346964 9.442732 9.404425 9.32781 9.3661175 9.404425 9.346964 9.346964 9.289502 9.232041 9.251195 9.270349 9.251195 9.212888 9.270349 9.193734 9.174581 9.270349 9.270349 9.346964 9.385271 9.32781 9.232041 9.251195 9.404425 9.423578 9.442732 9.461885 9.423578 9.232041 9.174581 9.270349 9.461885 9.308656 9.212888 9.212888 9.193734 9.3661175
0.00
Standing
-0.38307226 -0.2873042 -0.19153613 -0.30645782 -0.21068975 -0.22984336 -0.19153613 -0.21068975 -0.30645782 -0.30645782 -0.2681506 -0.24899697 -0.11492168 -0.2873042 -0.15322891 -0.038307227 -0.1340753 -0.2681506 -0.2873042 -0.2873042 -0.21068975 -0.019153614 -0.15322891 -0.22984336 -0.19153613 -0.05746084 -0.095768064 -0.15322891 -0.15322891 -0.05746084 -0.019153614 -0.076614454 -0.038307227 -0.19153613 -0.24899697 -0.15322891 -0.05746084 -0.05746084 -0.05746084 -0.076614454 -0.05746084 0.076614454 0.076614454 -0.019153614 0.05746084 0.095768064 0.019153614 0.019153614 0.095768064 0.076614454 0.076614454 0.076614454 0.076614454 0.05746084 0.1340753 0.17238252 0.19153613 0.21068975 0.19153613 0.15322891 0.11492168 0.11492168 0.095768064 0.1340753 0.076614454 0.038307227 0.05746084 0.095768064 0.095768064 0.1340753 0.1340753 0.095768064 0.076614454 0.076614454 0.17238252 0.21068975 0.17238252 0.19153613 0.24899697 0.1340753
3.8498764 3.9264908 3.9264908 3.9456444 4.0797195 4.0414124 4.0222588 4.0222588 3.9073372 3.9073372 3.9839516 4.0222588 4.098873 4.156334 4.156334 4.2521024 4.2521024 4.367024 4.4819455 4.4436383 4.4819455 4.5394063 4.5394063 4.462792 4.4819455 4.5394063 4.4819455 4.462792 4.4819455 4.405331 4.4244847 4.3478703 4.367024 4.2521024 4.271256 4.1180267 4.175488 4.309563 4.271256 4.2521024 4.309563 4.3287168 4.3287168 4.405331 4.3478703 4.4244847 4.309563 4.3287168 4.309563 4.2904096 4.232949 4.2521024 4.271256 4.2904096 4.2904096 4.309563 4.3478703 4.367024 4.4244847 4.3861775 4.3478703 4.3478703 4.2904096 4.271256 4.2904096 4.2521024 4.2521024 4.213795 4.232949 4.2521024 4.232949 4.1946416 4.1946416 4.156334 4.232949 4.2521024 4.271256 4.271256 4.2904096 4.271256
9.136273 9.212888 8.7532015 8.293514 8.63828 8.772355 8.925584 8.983045 8.90643 8.983045 8.90643 8.63828 9.002198 8.580819 8.829816 9.097966 8.90643 8.312668 8.2169 8.293514 8.542512 8.293514 8.408437 8.446744 8.504205 8.255207 8.236053 8.293514 8.37013 8.485051 8.485051 8.42759 8.619126 8.7532015 8.695741 9.193734 8.925584 8.887277 8.848969 8.944737 8.983045 8.695741 9.021352 8.676587 8.485051 8.350976 8.312668 8.504205 8.599973 8.619126 8.523358 8.542512 8.599973 8.7532015 8.829816 8.695741 8.580819 8.542512 8.523358 8.619126 8.619126 8.580819 8.599973 8.63828 8.676587 8.619126 8.561666 8.676587 8.734048 8.695741 8.695741 8.561666 8.465898 8.619126 8.829816 8.714894 8.63828 8.580819 8.561666 8.599973
0.00
Standing
-0.32561144 -0.1340753 -0.21068975 -0.2681506 -0.2681506 -0.22984336 -0.32561144 -0.38307226 -0.45968673 -0.5554548 -0.4213795 -0.21068975 -0.2681506 -0.38307226 -0.5746084 -0.51714754 -0.2873042 -0.21068975 -0.22984336 -0.2873042 -0.38307226 -0.5554548 -0.59376204 -0.38307226 -0.40222588 -0.5363012 -0.63206923 -0.78529817 -0.63206923 -0.2681506 -0.2681506 -0.32561144 -0.2873042 -0.17238252 -0.17238252 -0.019153614 -0.1340753 -0.24899697 -0.2681506 -0.019153614 -0.15322891 -0.17238252 -0.19153613 -0.05746084 -0.05746084 0.038307227 -0.019153614 -0.095768064 0.019153614 0.15322891 0.17238252 0.095768064 0.019153614 0.019153614 0.095768064 0.019153614 -0.1340753 -0.2873042 -0.34476504 -0.36391866 -0.36391866 -0.4213795 -0.49799395 -0.63206923 -0.5363012 -0.45968673 -0.45968673 -0.47884035 -0.49799395 -0.49799395 -0.40222588 -0.2873042 -0.22984336 -0.2681506 -0.24899697 -0.24899697 -0.19153613 -0.19153613 -0.1340753 -0.2681506
3.9264908 3.86903 3.9073372 3.8307228 3.8498764 3.9264908 3.9073372 3.8115692 3.8115692 3.964798 3.9456444 3.86903 3.9839516 3.9839516 3.9264908 3.9839516 4.060566 4.156334 4.1946416 4.175488 4.156334 4.156334 4.1180267 4.1180267 4.156334 4.156334 4.156334 4.213795 4.213795 4.2521024 4.3287168 4.3287168 4.309563 4.3287168 4.367024 4.3478703 4.2904096 4.232949 4.213795 4.213795 4.213795 4.175488 4.1946416 4.213795 4.213795 4.213795 4.213795 4.1946416 4.1946416 4.175488 4.1946416 4.1371803 4.1371803 4.1371803 4.1946416 4.175488 4.0797195 4.0414124 4.1180267 4.1946416 4.175488 4.213795 4.213795 4.1371803 4.1946416 4.175488 4.0797195 4.060566 4.003105 3.964798 3.9839516 3.9264908 3.964798 3.9456444 3.964798 3.964798 3.9839516 4.0414124 4.098873 4.0797195
8.676587 8.983045 9.002198 8.887277 8.868123 8.734048 8.714894 9.136273 8.6574335 8.829816 9.174581 9.002198 9.002198 9.040505 8.848969 9.059659 8.695741 8.676587 8.772355 8.734048 8.7532015 8.523358 8.542512 8.312668 8.2169 8.197746 8.331821 8.465898 8.772355 8.925584 8.868123 8.90643 8.848969 8.714894 8.580819 8.504205 8.561666 8.6574335 8.791509 8.63828 8.580819 8.599973 8.580819 8.580819 8.619126 8.676587 8.772355 8.810662 8.848969 8.925584 8.983045 8.714894 8.599973 8.504205 8.63828 8.7532015 8.829816 8.695741 8.580819 8.580819 8.714894 8.714894 8.791509 8.887277 9.002198 9.021352 9.078813 9.078813 9.002198 8.944737 8.944737 8.887277 8.714894 8.561666 8.523358 8.599973 8.523358 8.446744 8.446744 8.485051
0.00
Up
-0.82360536 -0.7469909 -0.6703765 -0.36391866 -0.7086837 -1.0151415 -0.9768343 -0.90021986 0.019153614 0.91937345 -0.1340753 0.45968673 0.51714754 -0.4405331 0.2873042 1.3790601 2.2026656 2.3175871 0.80445176 1.6089035 2.4708161 3.6008794 2.681506 -0.019153614 1.0726024 1.1875241 2.2409728 3.5242648 1.6472107 1.8579005 -0.2873042 -4.1946416 -3.715801 -2.1260512 1.0151415 5.2289367 5.2480903 3.620033 0.90021986 -6.991069 -12.832921 -12.258312 -10.170568 -3.7924154 -0.9576807 1.6472107 6.3781533 7.3166804 -6.397307 -6.5505357 -2.8538885 4.003105 5.3821654 7.4124484 8.255207 0.93852705 -1.4939818 -3.7541082 -9.289502 1.9536686 2.2026656 1.3599066 1.7621324 2.183512 4.405331 11.224017 1.8770541 -5.707777 2.183512 1.8387469 -0.17238252 5.3438582 7.680599 9.097966 5.746084 3.6774938 0.36391866 -2.4708161 -6.6846113 -7.5848308
2.9113493 2.9496565 2.96881 2.96881 2.9113493 2.815581 2.777274 3.5625722 3.5434184 3.3518825 2.9113493 3.1028855 2.8921957 2.2026656 2.7964275 3.0262709 3.0071173 3.1411927 3.217807 2.1643584 2.2218192 3.9456444 4.1946416 2.3750482 2.1068976 2.336741 2.3558946 -0.15322891 -4.0414124 -7.1059904 -12.0093155 -23.022644 -23.558945 -20.705057 -18.693928 -15.361198 -12.928689 -11.60709 -11.760319 -12.50731 -10.5919485 -7.7189064 -8.121132 -7.3166804 -7.699753 -10.362105 -19.34515 -18.100164 -23.942017 -22.064962 -13.522451 -10.113108 -9.040505 -10.342952 -10.304645 -10.093954 -11.18571 -10.6877165 -8.389283 -5.2289367 -6.5122285 -6.7612257 -7.5848308 -12.794614 -17.161638 -26.02976 -15.112201 -20.149601 -16.79772 -13.330915 -10.189722 -9.576807 -9.346964 -9.576807 -13.8480625 -14.116213 -13.024457 -10.5919485 -6.5696893 -4.6160207
9.040505 9.155427 9.461885 9.346964 9.11712 9.653421 10.170568 9.730036 8.121132 7.5082164 8.561666 8.7532015 8.944737 9.921572 9.5385 7.374141 7.795521 8.197746 7.2783732 6.933608 5.4779334 4.1946416 3.7541082 4.003105 4.5394063 5.0182467 5.3821654 9.442732 17.563864 28.921957 39.2266 39.207447 39.2266 34.840424 23.865402 0.4405331 -4.5394063 -6.3589997 -7.2783732 -24.095245 -37.445316 -35.62572 -26.719292 -16.16565 -12.028469 -6.531382 6.435614 39.2266 39.11168 39.2266 39.2266 21.547815 13.713987 5.995081 -2.585738 -11.33894 -14.384364 -23.00349 -36.219482 -26.527756 -16.452953 -17.085024 -14.978126 -5.267244 -0.19153613 10.113108 39.2266 39.130833 39.2266 39.2266 32.44622 23.616405 18.65562 12.928689 -0.34476504 -7.6614456 -15.47612 -20.168755 -25.474306 -29.726408
0.00
Up
-0.038307227 0.076614454 0.11492168 0.40222588 0.5746084 0.7469909 0.7661445 0.6512229 1.1683705 1.5897499 1.2258313 2.566584 1.0534488 1.6472107 1.9919758 1.436521 0.842759 1.5514427 1.4173675 1.9153614 2.5091233 4.232949 5.45878 5.6120086 2.719813 -1.0342951 -4.3861775 -4.5202527 -2.2984335 1.3790601 4.4436383 4.8458643 4.807557 0.51714754 -2.2984335 -4.1946416 -5.2863975 -5.4779334 -3.6008794 -2.3558946 -3.4093432 -3.5625722 3.2369606 8.485051 8.485051 4.232949 0.82360536 2.6623523 5.0757074 8.485051 10.43872 7.8146744 3.6583402 -0.80445176 -4.76925 -4.807557 -4.367024 -3.5817258 -2.7006595 -3.5817258 -2.815581 1.934515 8.082825 2.336741 3.8881836 6.742072 2.1643584 5.6120086 9.040505 9.576807 9.270349 7.5465236 3.7349546 -0.9576807 -4.405331 -5.4204726 -7.029376 -5.899313 -2.815581 -1.1109096
2.930503 2.9496565 2.9113493 2.9113493 3.1028855 3.2561142 3.217807 3.064578 3.2369606 3.2752678 3.2944214 2.96881 3.6583402 3.5817258 3.4284968 3.4859576 3.2369606 3.1411927 3.1603463 2.3175871 2.3558946 2.719813 2.3942018 -5.3247046 -10.936713 -16.625336 -23.90371 -25.34023 -21.126436 -17.678785 -14.633361 -11.722012 -9.959879 -9.174581 -8.829816 -7.1826053 -5.841852 -5.209783 -6.4547677 -7.642292 -9.730036 -13.426683 -15.227123 -13.618219 -18.004396 -18.272547 -11.894394 -12.239159 -11.262324 -9.672575 -9.730036 -8.485051 -7.4507556 -7.3166804 -3.8881836 -3.0071173 -3.5242648 -5.2863975 -6.6079965 -7.8146744 -10.879252 -18.636467 -14.499286 -17.525557 -18.464083 -16.108189 -10.381259 -11.109096 -10.5919485 -10.802638 -10.860099 -8.983045 -8.0445175 -7.8529816 -4.367024 -2.7964275 -1.9919758 -2.030283 -5.2480903 -6.4164605
9.002198 9.021352 9.404425 8.848969 8.236053 8.523358 8.734048 8.887277 9.078813 9.136273 8.887277 7.1634517 6.531382 6.3781533 6.0716953 4.5202527 4.6351743 3.9264908 1.8387469 2.3175871 1.6280571 0.7469909 1.283292 7.469909 23.96117 39.07337 39.2266 39.2266 33.940205 22.984337 12.813767 -2.4516625 -6.742072 -10.611102 -15.95496 -25.397692 -29.783869 -29.190107 -19.211075 -14.518439 -9.557653 -3.6774938 38.019924 39.2266 39.149986 39.2266 38.977604 30.74155 22.352266 16.261417 -0.842759 -7.393295 -11.434708 -17.81286 -30.032866 -29.09434 -26.470293 -21.528662 -10.764331 -5.861006 -2.1452048 3.7349546 39.2266 39.16914 39.2266 39.2266 36.88986 25.22531 17.027563 11.702858 -2.4516625 -7.3549876 -12.124237 -15.073894 -17.946936 -22.007502 -25.110388 -23.041798 -10.802638 -8.868123
0.00
Up
-0.82360536 -0.7661445 -0.5554548 -0.15322891 0.17238252 0.4405331 0.038307227 1.0726024 0.17238252 1.532289 2.2409728 3.1028855 3.5242648 4.175488 3.9456444 3.2369606 3.8498764 3.2561142 2.834735 2.3558946 0.38307226 -1.283292 -5.3438582 -8.274361 -6.6271505 -0.095768064 2.0111294 -0.019153614 3.3135753 5.707777 8.236053 10.534488 10.764331 8.121132 4.6926355 1.8962077 -2.566584 -4.309563 -7.393295 -9.461885 -6.6654577 -7.2209125 -6.588843 -4.7884035 1.3982137 5.7269306 6.244078 6.2823853 1.934515 0.40222588 1.2449849 3.3327289 11.492168 10.668563 8.159439 4.9416323 -1.340753 -3.3327289 -5.2863975 -8.350976 -8.714894 -6.3206925 -3.620033 -1.5897499 -0.47884035 1.4939818 5.171476 7.4124484 3.9456444 2.2601264 2.030283 -2.0494366 2.7581203 7.52737 10.994174 11.779472 8.37013 6.6271505 7.6231384 5.861006
3.9456444 3.9264908 3.9264908 4.0414124 4.2521024 4.7500963 4.903325 4.405331 4.903325 4.3861775 4.903325 5.631162 5.9567738 6.1100025 5.93762 5.592855 3.9456444 3.1028855 2.3942018 1.283292 -4.6160207 -8.676587 -14.250289 -18.176779 -23.597252 -26.987442 -27.906815 -24.420856 -19.230228 -16.79772 -15.380352 -13.177686 -7.8146744 -6.8186865 -7.1826053 -7.029376 -6.14831 -4.9799395 -4.76925 -3.620033 -4.6160207 -6.703765 -8.389283 -10.955867 -21.222204 -18.195932 -18.195932 -19.34515 -14.403518 -9.481039 -9.021352 -7.5848308 -4.5202527 -4.4436383 -5.45878 -6.7612257 -7.7189064 -4.5777135 -2.719813 -2.528277 -2.2984335 -3.4476504 -4.462792 -6.8186865 -10.093954 -16.950949 -23.060951 -23.558945 -24.516624 -22.333113 -22.10327 -13.905523 -12.871228 -11.779472 -9.787497 -7.642292 -8.580819 -8.772355 -7.1826053 -2.030283
8.714894 8.90643 9.5385 9.097966 8.695741 8.848969 9.11712 8.408437 6.8569937 8.293514 8.580819 6.991069 5.4204726 5.5162406 3.083732 0.6703765 1.1875241 1.0151415 -0.22984336 -3.2752678 -4.0414124 -1.7429788 4.098873 14.058752 39.2266 39.2266 37.00478 31.16293 28.787882 25.397692 18.042704 9.385271 -2.1452048 -3.7349546 -4.5394063 -7.680599 -15.95496 -18.464083 -22.639572 -26.719292 -18.50239 -13.445837 -8.734048 -5.305551 14.863204 37.866695 39.2266 39.149986 39.2266 37.253777 27.868507 20.819979 9.595961 4.960786 1.1300632 -2.2601264 -14.537593 -18.770542 -18.406622 -18.540697 -16.970102 -14.748282 -11.645397 -6.933608 -5.305551 -0.40222588 12.641385 39.2266 39.2266 39.2266 39.2266 34.150894 27.77274 23.712173 20.30283 11.894394 7.374141 -0.05746084 -8.331821 -15.840038
0.00
Up
0.49799395 0.8810662 0.61291564 0.59376204 0.93852705 2.3175871 2.27928 3.6774938 4.213795 5.9759274 7.5465236 8.0445175 7.872135 6.9719152 6.205771 4.673482 4.8841715 4.271256 3.4093432 0.36391866 -2.2026656 -6.0716953 -10.419566 -14.250289 -12.430696 -5.9184666 2.5474305 8.619126 9.749189 14.346057 17.736246 17.832014 15.859192 12.239159 8.90643 3.217807 0.34476504 -1.8195933 -3.6583402 -12.373235 -17.678785 -16.912642 -13.733141 -7.872135 -4.462792 -0.7469909 7.603985 17.525557 14.958972 11.645397 8.868123 12.277467 15.571888 17.927782 12.124237 7.929596 6.5696893 4.309563 -1.6472107 -2.9496565 -4.8267107 -8.619126 -15.361198 -11.722012 -7.73806 -4.865018 0.6703765 0.80445176 2.6240451 4.7500963 3.3135753 0.82360536 -3.5434184 -3.1603463 6.991069 12.277467 13.982138 11.3964 5.209783 4.098873
3.715801 4.1180267 3.9264908 3.8498764 4.673482 4.9799395 4.6351743 5.056554 5.2480903 5.554548 5.7843914 5.631162 5.45878 5.3438582 4.960786 4.098873 3.5242648 1.7429788 0.49799395 -3.1411927 -5.861006 -8.695741 -14.15452 -27.696125 -31.067162 -31.737537 -31.469387 -23.942017 -19.440918 -17.60217 -14.5567465 -11.9135475 -10.381259 -9.155427 -8.504205 -6.742072 -6.2823853 -6.8761473 -7.929596 -9.289502 -8.350976 -7.5465236 -8.829816 -14.4609785 -19.919758 -28.289886 -29.57318 -18.368315 -17.219099 -14.135366 -8.90643 -8.63828 -7.776367 -6.6271505 -7.6231384 -8.772355 -9.174581 -9.461885 -7.067683 -5.861006 -6.0716953 -6.205771 -4.673482 -4.9224787 -6.588843 -8.0445175 -18.425776 -23.827095 -21.107283 -13.024457 -18.962078 -18.962078 -15.610195 -12.066776 -10.266336 -7.967903 -6.0716953 -5.267244 -4.5394063 -3.3327289
9.040505 8.772355 8.523358 8.925584 9.270349 8.063671 8.063671 8.00621 7.7189064 8.676587 9.232041 7.0485296 5.803545 3.2369606 3.1028855 1.7429788 -0.59376204 -0.61291564 0.51714754 -1.685518 -3.083732 -3.122039 -3.4476504 21.41374 38.80522 39.2266 39.16914 36.25779 32.8676 28.596346 22.543802 7.5465236 0.21068975 -4.3861775 -7.335834 -9.270349 -10.113108 -12.6222315 -14.997279 -18.004396 -15.763424 -14.403518 -12.239159 -6.6079965 -3.466804 7.9104424 33.74867 39.11168 39.2266 39.2266 39.2266 27.198132 19.479225 12.756307 2.9496565 0.4405331 -4.156334 -9.270349 -12.08593 -11.377247 -12.258312 -14.997279 -17.908628 -12.928689 -10.342952 -9.3661175 -1.9153614 11.894394 32.848446 39.2266 39.2266 39.2266 39.2266 38.84353 21.83512 15.820885 8.408437 3.1986535 -5.592855 -10.726024
0.00
Up
-0.80445176 0.34476504 -0.9576807 -0.095768064 0.6703765 1.1875241 2.0111294 2.7581203 1.685518 1.8195933 1.7046716 1.0534488 0.80445176 0.2681506 -1.8004397 -6.205771 -7.4507556 -3.3135753 -1.4748282 -0.7086837 4.098873 9.059659 14.920665 15.418659 7.1251445 4.0222588 2.27928 -6.244078 -11.530476 -15.725117 -18.119318 -17.353174 -15.093047 -9.5385 -6.0525417 -0.5554548 6.4164605 25.799917 25.608381 18.215086 5.707777 2.0494366 9.883265 17.774553 22.390574 12.469003 8.312668 6.129156 2.96881 -6.0142345 -9.710882 -11.243171 -10.170568 -4.6926355 -2.5474305 -1.4556746 -1.1300632 2.566584 6.531382 7.0485296 1.4748282 -2.7389667 -0.15322891 0.93852705 1.9153614 16.146496 23.999477 23.118412 16.64449 5.9759274 2.0494366 -1.934515 -5.9184666 -15.47612 -18.751389 -18.368315 -14.78659 -6.9144545 -3.3327289 -0.6703765
4.367024 4.367024 4.8458643 4.4436383 4.7309427 5.2480903 5.3247046 5.861006 4.060566 3.715801 2.681506 0.9576807 -4.6160207 -9.3661175 -14.901511 -21.796812 -30.396784 -31.182083 -28.902803 -24.267628 -15.840038 -14.288596 -12.411542 -9.500193 -7.029376 -6.933608 -7.52737 -9.3661175 -8.561666 -7.335834 -4.3478703 -3.9264908 -4.501099 -5.899313 -8.1402855 -14.346057 -24.49747 -15.495274 -12.50731 -13.924677 -11.511322 -3.86903 -4.1371803 -3.86903 -1.8387469 -1.283292 -1.340753 -2.4516625 -4.3861775 -4.865018 -3.3901896 -2.4708161 -2.0685902 -4.213795 -5.133168 -6.339846 -8.408437 -20.09214 -25.263617 -24.44001 -27.696125 -25.589228 -21.241358 -15.112201 -11.702858 -6.8569937 -2.585738 -0.17238252 -1.4748282 -7.6231384 -10.457873 -12.6222315 -12.124237 -6.799533 -4.405331 -3.5625722 -4.213795 -6.244078 -8.00621 -10.247183
9.500193 7.374141 7.52737 6.3781533 4.462792 1.9536686 1.1492168 0.30645782 -0.2681506 -0.6512229 -2.336741 -2.183512 1.8195933 6.397307 15.150508 28.67296 39.2266 39.207447 37.67516 30.74155 19.172768 10.668563 1.2258313 -5.9184666 -10.821792 -9.404425 -8.159439 -8.925584 -9.672575 -10.457873 -12.220005 -10.342952 -8.331821 -6.7612257 -6.5505357 -4.060566 4.0414124 39.2266 39.149986 39.188293 35.5108 31.871613 24.80393 15.1696615 3.064578 -6.493075 -8.408437 -11.415554 -14.231135 -19.88145 -18.713081 -15.68681 -12.813767 -9.921572 -8.236053 -6.991069 -5.9184666 1.9536686 17.506403 35.93218 39.2266 39.2266 39.2266 37.34955 27.657818 16.414646 7.7572136 1.7238252 0.15322891 -3.0262709 -5.171476 -6.799533 -8.331821 -9.251195 -9.940725 -8.963891 -7.2783732 -5.6120086 -4.5202527 -3.5625722
0.00
Up
-0.4405331 -0.61291564 -0.82360536 -0.7661445 -0.11492168 1.1109096 1.3790601 1.5131354 1.5514427 1.8962077 2.030283 2.834735 3.5242648 2.4516625 1.4748282 1.1109096 0.32561144 -3.8881836 -4.175488 -2.815581 -1.6472107 -3.6966474 -0.59376204 3.4859576 9.710882 11.434708 11.741165 10.879252 4.1946416 0.038307227 -4.5202527 -8.101978 -16.64449 -15.95496 -12.392388 -7.833828 -0.038307227 1.8770541 3.8307228 9.921572 0.11492168 -6.5122285 -5.707777 -5.1523223 2.3750482 6.9144545 9.768343 10.955867 8.523358 6.5505357 4.060566 -0.5363012 -8.944737 -14.077906 -14.633361 -10.955867 -5.6886234 -3.371036 -0.90021986 1.7046716 6.14831 9.270349 10.457873 2.9879637 -4.807557 -4.232949 -6.2823853 -4.2904096 12.143391 14.78659 10.342952 6.129156 8.887277 14.039598 7.2209125 -5.9759274 -7.489063 -9.078813 -12.373235 -15.591042
4.271256 4.098873 4.0222588 4.1946416 4.3287168 4.7500963 5.094861 5.133168 5.1523223 4.654328 4.309563 4.232949 3.6774938 1.5705963 0.2681506 -2.432509 -6.8186865 -15.533581 -17.985243 -24.018631 -27.868507 -29.09434 -26.929981 -23.90371 -18.061857 -16.79772 -16.529568 -15.1696615 -12.545617 -12.890382 -12.6222315 -11.377247 -8.0445175 -6.5122285 -6.7229185 -7.4124484 -9.902418 -14.097059 -22.716187 -30.301016 -26.106375 -28.30904 -24.80393 -18.138472 -12.373235 -8.848969 -8.1402855 -8.37013 -9.078813 -9.078813 -8.829816 -10.496181 -5.995081 -5.3438582 -5.1140146 -5.439626 -6.646304 -7.5465236 -9.749189 -12.5264635 -25.780764 -36.276943 -30.454247 -21.815966 -26.068068 -24.516624 -19.153614 -16.587029 -12.98615 -10.764331 -10.668563 -13.8480625 -17.468096 -15.26543 -12.947843 -7.8146744 -7.3549876 -7.469909 -7.6231384 -6.4739213
8.178593 8.312668 8.1402855 7.7189064 7.489063 6.3206925 5.401319 4.76925 3.8881836 1.0151415 0.19153613 -0.7469909 -0.93852705 -0.8619126 -1.1492168 -1.7812861 0.49799395 17.96609 29.822176 39.2266 39.2266 38.862682 33.07829 28.385654 18.406622 9.385271 1.5705963 -4.309563 -11.511322 -15.342045 -20.72421 -23.022644 -25.684996 -22.850262 -18.08101 -14.729129 -9.500193 -7.1059904 -0.038307227 20.66675 39.2266 39.188293 39.2266 39.2266 24.650702 19.057846 12.756307 5.592855 -3.217807 -5.861006 -10.515334 -15.073894 -18.23424 -20.66675 -20.9349 -17.448942 -13.8480625 -12.871228 -11.319786 -9.80665 -2.815581 13.158532 38.613686 39.2266 39.2266 39.2266 39.207447 34.28497 24.74647 21.260511 17.238253 11.204864 -2.030283 -12.603078 -19.115307 -11.971008 -9.787497 -11.3964 -14.441825 -15.246277
0.00
Up
0.842759 0.91937345 1.8579005 0.90021986 1.2449849 0.8619126 1.2258313 2.4516625 1.8195933 0.7661445 0.22984336 -0.019153614 -0.019153614 -2.6623523 -5.0374002 -5.171476 -4.7884035 -6.1866174 -3.964798 -1.9728222 3.0262709 6.5505357 10.553641 11.166556 7.1826053 3.9456444 -0.076614454 -3.4859576 -7.967903 -8.580819 -6.6846113 -4.1180267 -0.7278373 -0.40222588 -0.842759 -0.15322891 9.9790325 21.95004 20.168755 5.4204726 -4.9224787 -0.90021986 3.8115692 8.331821 13.924677 12.794614 9.346964 6.991069 1.8579005 -1.8962077 -4.0797195 -12.6222315 -16.874334 -15.74427 -10.879252 -2.2984335 -1.1109096 0.38307226 2.4516625 0.80445176 1.1300632 -1.0534488 -5.1906295 2.2218192 10.151415 15.859192 15.514427 8.983045 7.967903 6.244078 2.030283 -4.5394063 -7.73806 -10.534488 -11.300632 -8.159439 -6.090849 -4.175488 -1.4173675 2.8538885
4.9224787 5.6120086 6.531382 5.363012 5.133168 5.094861 4.5777135 4.3287168 2.6048915 0.36391866 -2.3175871 -5.363012 -11.013328 -13.254301 -16.299725 -19.000385 -20.51352 -19.632454 -21.011515 -21.490355 -17.889475 -16.452953 -14.633361 -13.196839 -9.193734 -8.1402855 -7.8529816 -6.646304 -3.8115692 -3.8307228 -3.86903 -4.5394063 -6.14831 -7.086837 -8.7532015 -13.062764 -30.588322 -22.754494 -21.41374 -23.137566 -13.464991 -11.971008 -10.477027 -8.331821 -4.5777135 -3.9264908 -5.056554 -5.899313 -6.9144545 -6.895301 -6.397307 -5.2863975 -3.86903 -4.1371803 -5.995081 -9.787497 -13.962984 -22.390574 -32.005688 -16.318878 -19.996372 -17.06587 -13.599066 -10.496181 -8.580819 -6.14831 -5.1523223 -6.6654577 -6.9719152 -7.201759 -7.1059904 -6.0142345 -5.497087 -4.060566 -3.3518825 -4.3287168 -5.3438582 -6.7612257 -8.983045 -18.962078
6.6271505 6.167464 5.2863975 3.9264908 1.6472107 0.7661445 1.1683705 1.1875241 -3.3327289 -2.030283 0.47884035 3.7924154 18.310854 26.566063 31.048008 33.672054 34.629734 32.484528 28.998571 28.826189 25.589228 17.199945 7.2783732 7.2783732 -11.243171 -15.974113 -21.95004 -26.45114 -24.918852 -24.49747 -20.494366 -16.127342 -10.783484 -8.331821 -6.799533 -5.497087 23.309948 39.2266 39.2266 39.207447 39.2266 35.72149 26.317064 19.383457 5.592855 2.3558946 -0.36391866 -4.098873 -12.29662 -13.599066 -13.177686 -19.115307 -21.930887 -19.82399 -14.901511 -8.6574335 -7.1634517 -2.2984335 16.261417 39.2266 39.16914 39.2266 39.2266 30.664936 21.068975 15.322891 10.840945 1.3215994 -4.0797195 -8.848969 -11.60709 -15.342045 -16.127342 -17.851168 -18.981232 -13.350069 -10.70687 -9.174581 -8.1402855 -2.777274
0.00
Up
-0.90021986 -0.5746084 1.2449849 1.4556746 1.0342951 0.91937345 1.091756 1.8579005 2.030283 2.6240451 3.8498764 3.4093432 2.7389667 2.5091233 2.777274 1.9728222 -1.5131354 -7.680599 -8.159439 -2.336741 0.34476504 0.34476504 11.702858 15.05474 13.024457 12.679692 11.760319 7.2592196 2.0111294 -4.6160207 -6.895301 -8.082825 -8.6574335 -11.300632 -9.787497 -7.029376 -3.7924154 3.083732 9.193734 12.469003 4.4244847 -10.151415 -9.749189 -5.439626 1.7812861 12.373235 12.603078 14.039598 15.533581 10.745177 4.3478703 0.36391866 -2.336741 -5.497087 -6.5505357 -7.4507556 -7.335834 -4.0222588 -2.3558946 0.019153614 3.6966474 9.193734 7.4124484 3.7732618 -0.80445176 -0.47884035 5.497087 13.541605 19.900604 18.100164 15.7825775 13.196839 11.60709 5.401319 1.340753 -2.087744 -4.7884035 -6.2632318 -5.171476 -3.7541082
4.5777135 4.9224787 5.746084 5.4779334 5.899313 5.7843914 5.9759274 5.650316 5.66947 5.592855 4.462792 2.7389667 0.82360536 -1.934515 -10.323798 -12.08593 -17.908628 -24.880545 -26.834213 -24.612394 -18.579004 -18.579004 -11.683704 -7.642292 -5.861006 -3.7349546 -2.1452048 -2.6431987 -3.8307228 -3.9839516 -4.501099 -4.405331 -4.6926355 -5.1906295 -5.803545 -7.565677 -10.496181 -24.056938 -28.270733 -20.685904 -20.494366 -20.57098 -15.342045 -13.330915 -12.411542 -6.7229185 -5.3821654 -4.7500963 -2.777274 -1.4173675 -2.1452048 -2.3750482 -1.7812861 -1.3215994 -2.1068976 -2.7006595 -3.2561142 -5.861006 -8.178593 -13.158532 -21.183897 -17.908628 -17.793707 -19.977219 -17.60217 -10.955867 -10.132261 -7.374141 -4.2521024 -1.3215994 -1.1300632 -1.4939818 -1.685518 -2.3750482 -2.4133554 -2.719813 -2.0685902 -2.0494366 -2.3175871 -2.6240451
8.159439 7.699753 7.393295 5.7269306 4.3478703 1.9919758 0.78529817 0.038307227 -0.61291564 -0.4405331 -1.1683705 -2.0685902 -2.1643584 -1.283292 9.500193 17.96609 24.22932 32.98252 39.2266 38.84353 23.00349 23.00349 17.046717 11.798626 7.2209125 -2.9879637 -7.297527 -8.485051 -10.208876 -15.840038 -18.042704 -17.81286 -16.587029 -13.618219 -11.798626 -9.787497 -7.680599 3.6966474 23.329102 39.2266 39.2266 39.2266 39.2266 33.672054 24.918852 18.215086 12.258312 5.45878 0.32561144 -9.385271 -12.220005 -15.974113 -17.583017 -14.671668 -13.254301 -12.411542 -10.97502 -8.408437 -7.52737 -5.3438582 3.3901896 39.2266 39.2266 39.207447 39.2266 34.993652 25.397692 20.475212 15.8783455 8.542512 4.098873 -1.3599066 -7.2783732 -13.503298 -15.571888 -16.108189 -15.342045 -11.089942 -9.193734 -8.0445175
0.00
Up
-0.91937345 -0.80445176 -0.7661445 -0.7278373 -0.24899697 0.2681506 1.5897499 0.19153613 1.5514427 0.82360536 -0.05746084 -0.4213795 0.7469909 0.9576807 0.6703765 0.4405331 1.340753 0.1340753 -4.55856 -7.393295 -4.76925 -4.5777135 -2.4708161 2.528277 12.5264635 11.051635 7.9104424 4.0222588 1.5897499 -1.3599066 -3.5625722 -7.2592196 -9.9790325 -10.189722 -8.063671 -4.4244847 -2.7964275 -0.63206923 3.1794999 11.951855 -1.283292 -13.350069 -9.959879 -8.025364 -4.960786 0.9768343 6.1866174 11.166556 9.32781 7.297527 5.535394 1.934515 -0.6895301 -3.3518825 -6.3589997 -9.710882 -7.9487495 -5.2863975 -3.0262709 0.91937345 3.6008794 7.4124484 10.745177 -7.0102224 -6.6654577 -5.4204726 -7.0485296 -0.842759 4.1946416 8.331821 10.0748005 8.714894 7.8912888 7.872135 5.4779334 -2.0685902 -3.8881836 -5.765238 -7.2209125 -4.8458643
4.003105 3.9073372 3.7732618 3.7541082 4.1371803 4.309563 4.2904096 4.7309427 4.960786 4.76925 4.5394063 3.9839516 2.834735 1.0726024 -1.340753 -4.0222588 -11.60709 -16.663643 -22.084116 -24.018631 -22.16073 -19.325996 -16.64449 -14.767436 -10.093954 -7.929596 -7.144298 -5.995081 -6.14831 -5.899313 -5.171476 -3.9456444 -3.8498764 -3.3518825 -3.6391866 -5.7269306 -7.73806 -11.932701 -19.594147 -23.827095 -21.643583 -26.355371 -21.988348 -12.679692 -10.208876 -7.642292 -5.841852 -2.2026656 -1.7238252 -2.4899697 -3.083732 -4.156334 -4.8458643 -4.175488 -3.0454245 -2.336741 -2.6240451 -4.271256 -6.0716953 -14.250289 -21.222204 -26.068068 -18.176779 -20.398598 -18.176779 -17.104177 -14.001291 -11.779472 -10.630256 -8.2169 -6.3589997 -6.646304 -6.090849 -4.3287168 -4.6926355 -4.1371803 -2.681506 -2.4133554 -2.2984335 -2.719813
7.967903 7.8146744 8.025364 8.331821 7.3549876 7.642292 6.5122285 5.4779334 3.2561142 1.5131354 -1.0726024 -2.1260512 -2.6623523 -2.585738 -0.5363012 2.2218192 15.533581 25.321077 38.728607 39.2266 37.138855 27.906815 23.846249 20.915747 7.2783732 2.1452048 -0.5363012 -6.493075 -9.500193 -12.641385 -15.74427 -21.566969 -22.907722 -19.670761 -15.47612 -11.032481 -9.3661175 -7.2592196 -2.087744 36.755783 39.2266 39.130833 39.2266 36.008793 26.680984 21.088129 16.836027 6.5696893 3.1603463 -0.1340753 -3.1603463 -11.760319 -15.533581 -18.02355 -18.751389 -17.142485 -14.480132 -12.143391 -10.323798 -6.033388 0.076614454 16.050728 38.00077 39.149986 39.16914 39.2266 39.2266 28.6155 24.44001 20.072987 14.288596 2.087744 -3.9839516 -9.423578 -13.637373 -15.993267 -17.391481 -17.985243 -16.893488 -11.358093
0.00
Up
0.63206923 1.0342951 1.1875241 2.585738 0.6703765 0.8810662 1.1683705 0.22984336 0.019153614 0.05746084 0.78529817 1.340753 1.3790601 1.5514427 1.7812861 0.36391866 -8.868123 -8.101978 -4.5777135 -2.9113493 1.283292 6.933608 9.864111 10.457873 4.175488 -1.1300632 -5.5162406 -8.37013 -12.832921 -12.5264635 -9.423578 -4.7309427 1.6089035 4.3861775 8.331821 12.411542 0.17238252 -6.129156 -7.4124484 -6.5696893 0.49799395 5.0757074 6.799533 7.565677 10.6877165 8.0445175 2.777274 -1.5131354 -7.2592196 -8.734048 -9.212888 -4.5777135 -2.336741 -0.17238252 0.7469909 3.217807 4.903325 7.2209125 6.2823853 0.8619126 -2.815581 -3.5051112 0.842759 12.6222315 13.215993 11.051635 8.121132 5.7269306 4.4436383 3.1411927 1.3215994 -4.673482 -7.374141 -7.469909 -6.301539 -3.3135753 -1.2066777 0.5746084 1.4173675 2.566584
4.1946416 4.5202527 4.9799395 4.7309427 5.094861 4.5394063 3.8307228 3.217807 -0.2873042 -1.3790601 -2.719813 -3.7924154 -6.6271505 -9.615114 -12.890382 -15.322891 -20.87744 -21.14559 -21.41374 -20.283676 -16.031574 -15.705963 -14.595054 -11.971008 -9.385271 -9.998186 -10.132261 -7.9487495 -5.133168 -5.1906295 -6.6079965 -7.6231384 -9.308656 -13.8480625 -22.888569 -30.090326 -20.590134 -23.175873 -15.95496 -11.243171 -9.193734 -6.1100025 -5.056554 -5.2289367 -3.5817258 -3.9264908 -5.363012 -5.746084 -3.9073372 -3.122039 -2.930503 -4.232949 -4.596867 -5.45878 -7.2783732 -18.847157 -27.542896 -21.89258 -11.434708 -16.816874 -11.204864 -9.519346 -9.940725 -4.8458643 -3.620033 -4.175488 -4.9416323 -4.0797195 -3.8881836 -3.5242648 -3.8498764 -3.3327289 -2.432509 -2.1452048 -2.6623523 -5.0374002 -7.240066 -11.089942 -17.60217 -26.987442
7.1826053 6.588843 5.1140146 3.8115692 0.63206923 0.22984336 -0.842759 -3.6966474 1.9919758 5.1906295 8.025364 9.998186 15.552734 19.862297 26.60437 33.767822 39.2266 38.077385 30.550014 25.780764 18.119318 8.944737 1.0534488 -4.1371803 -12.947843 -18.310854 -22.448034 -23.578098 -24.210167 -21.394587 -15.935806 -11.128249 -6.6846113 -5.209783 1.0534488 26.087221 39.11168 39.2266 39.2266 39.01591 23.060951 19.594147 14.441825 7.9104424 -2.030283 -4.596867 -7.201759 -10.553641 -18.08101 -20.9349 -20.532673 -12.354081 -11.18571 -10.093954 -9.040505 -2.815581 13.694834 38.671146 39.2266 39.2266 39.2266 38.134846 28.155811 17.54471 12.143391 6.703765 2.27928 -6.9719152 -9.519346 -10.400413 -11.453861 -17.448942 -18.540697 -15.571888 -12.6222315 -9.423578 -8.236053 -6.83784 -2.777274 32.733524
